0	2
1	2
2	2
3	2
4	2
5	2
6	2
7	2
8	2
9	2
10	2
11	2
12	2
13	2
14	2
15	2
16	2
17	2
18	2
19	2
20	2
21	2
22	2
23	2
24	2
25	2
26	2
27	2
28	2
29	2
30	2
31	2
32	2
33	2
34	2
35	2
36	2
37	2
38	2
39	2
40	2
41	2
42	2
43	2
44	2
45	2
46	2
47	2
48	2
49	2
50	2
51	2
52	2
53	2
54	2
55	2
56	2
57	2
58	2
59	2
60	2
61	2
62	2
63	2
64	2
65	2
66	2
67	2
68	2
69	2
70	2
71	2
72	2
73	2
74	2
75	2
76	2
77	2
78	2
79	2
80	2
81	2
82	2
83	2
84	2
85	2
86	2
87	2
88	2
89	2
90	2
91	2
92	2
93	2
94	2
95	2
96	2
97	2
98	2
99	2
100	2
101	2
102	2
103	2
104	2
105	2
106	2
107	2
108	2
109	2
110	2
111	2
112	2
113	2
114	2
115	3
116	3
117	3
118	3
119	3
120	3
121	3
122	3
123	3
124	3
125	3
126	3
127	3
128	3
129	3
130	3
131	3
132	3
133	3
134	3
135	3
136	3
137	3
138	3
139	3
140	3
141	3
142	3
143	3
144	3
145	3
146	3
147	3
148	3
149	3
150	3
151	3
152	3
153	3
154	3
155	3
156	3
157	3
158	3
159	3
160	3
161	3
162	3
163	3
164	3
165	3
166	3
167	3
168	3
169	3
170	3
171	3
172	3
173	3
174	3
175	3
176	3
177	3
178	3
179	3
180	3
181	3
182	3
183	3
184	3
185	3
186	3
187	3
188	3
189	3
190	3
191	3
192	3
193	3
194	3
195	3
196	3
197	3
198	3
199	3
200	3
201	3
202	3
203	3
204	3
205	3
206	3
207	3
208	3
209	3
210	3
211	3
212	3
213	3
214	3
215	3
216	3
217	3
218	3
219	3
220	3
221	3
222	3
223	3
224	3
225	3
226	3
227	3
228	3
229	3
230	3
231	3
232	3
233	3
234	3
235	3
236	3
237	3
238	3
239	3
240	3
241	3
242	3
243	3
244	3
245	3
246	3
247	3
248	3
249	3
250	3
251	3
252	3
253	3
254	3
255	3
256	3
257	3
258	3
259	3
260	3
261	3
262	3
263	3
264	3
265	3
266	3
267	3
268	3
269	3
270	3
271	3
272	3
273	3
274	3
275	3
276	3
277	3
278	3
279	3
280	3
281	3
282	3
283	3
284	3
285	3
286	3
287	3
288	3
289	3
290	3
291	3
292	3
293	3
294	3
295	3
296	3
297	3
298	3
299	3
300	3
301	3
302	3
303	3
304	3
305	3
306	3
307	3
308	3
309	3
310	3
311	3
312	3
313	3
314	3
315	3
316	3
317	3
318	3
319	3
320	3
321	3
322	3
323	3
324	3
325	3
326	3
327	3
328	3
329	3
330	3
331	3
332	3
333	3
334	3
335	3
336	3
337	3
338	3
339	3
340	3
341	3
342	3
343	3
344	3
345	3
346	3
347	3
348	3
349	3
350	3
351	3
352	3
353	3
354	3
355	3
356	3
357	3
358	3
359	3
360	3
361	3
362	3
363	3
364	3
365	3
366	3
367	3
368	3
369	3
370	3
371	3
372	3
373	3
374	3
375	3
376	3
377	3
378	3
379	3
380	3
381	3
382	3
383	3
384	3
385	3
386	3
387	3
388	3
389	3
390	3
391	3
392	3
393	3
394	3
395	3
396	3
397	3
398	3
399	3
400	3
401	3
402	3
403	3
404	3
405	3
406	3
407	3
408	3
409	3
410	3
411	3
412	3
413	3
414	3
415	3
416	3
417	3
418	3
419	3
420	3
421	3
422	3
423	3
424	3
425	3
426	3
427	3
428	3
429	3
430	3
431	3
432	3
433	3
434	3
435	3
436	3
437	3
438	3
439	3
440	3
441	3
442	3
443	3
444	3
445	3
446	3
447	3
448	3
449	3
450	3
451	3
452	3
453	3
454	3
455	3
456	3
457	3
458	3
459	3
460	3
461	3
462	3
463	3
464	3
465	3
466	3
467	3
468	3
469	3
470	3
471	3
472	3
473	3
474	3
475	3
476	3
477	3
478	3
479	3
480	3
481	3
482	3
483	3
484	3
485	3
486	3
487	3
488	3
489	3
490	3
491	3
492	3
493	3
494	3
495	3
496	3
497	3
498	3
499	3
500	3
501	3
502	3
503	3
504	3
505	3
506	3
507	3
508	3
509	3
510	3
511	3
512	3
513	3
514	3
515	3
516	3
517	3
518	3
519	3
520	3
521	3
522	3
523	3
524	3
525	3
526	3
527	3
528	3
529	3
530	3
531	3
532	3
533	3
534	3
535	3
536	3
537	3
538	3
539	3
540	3
541	3
542	3
543	3
544	3
545	3
546	3
547	3
548	3
549	3
550	3
551	3
552	3
553	3
554	3
555	3
556	3
557	3
558	3
559	3
560	3
561	3
562	3
563	3
564	3
565	3
566	3
567	3
568	3
569	3
570	3
571	3
572	3
573	3
574	3
575	3
576	3
577	3
578	3
579	3
580	3
581	3
582	3
583	3
584	3
585	3
586	3
587	3
588	3
589	3
590	3
591	3
592	3
593	3
594	3
595	3
596	3
597	3
598	3
599	3
600	3
601	3
602	3
603	3
604	3
605	3
606	3
607	3
608	3
609	3
610	3
611	3
612	3
613	3
614	3
615	3
616	3
617	3
618	3
619	3
620	3
621	3
622	3
623	3
624	3
625	3
626	3
627	3
628	3
629	3
630	3
631	3
632	3
633	3
634	3
635	3
636	3
637	3
638	3
639	3
640	3
641	3
642	3
643	3
644	3
645	3
646	3
647	3
648	3
649	3
650	3
651	3
652	3
653	3
654	3
655	3
656	3
657	3
658	3
659	3
660	3
661	3
662	3
663	3
664	3
665	3
666	3
667	3
668	3
669	3
670	3
671	3
672	3
673	3
674	3
675	3
676	3
677	3
678	3
679	3
680	3
681	3
682	3
683	3
684	3
685	3
686	3
687	3
688	3
689	3
690	3
691	3
692	3
693	3
694	3
695	3
696	3
697	3
698	3
699	3
700	3
701	3
702	3
703	3
704	3
705	3
706	3
707	3
708	3
709	3
710	3
711	3
712	3
713	3
714	3
715	3
716	3
717	3
718	3
719	3
720	3
721	3
722	3
723	3
724	3
725	3
726	3
727	3
728	3
729	3
730	3
731	3
732	3
733	3
734	3
735	3
736	3
737	3
738	3
739	3
740	3
741	3
742	3
743	3
744	3
745	3
746	3
747	3
748	3
749	3
750	3
751	3
752	3
753	3
754	3
755	3
756	3
757	3
758	3
759	3
760	3
761	3
762	3
763	3
764	3
765	3
766	3
767	3
768	3
769	3
770	3
771	3
772	3
773	3
774	3
775	3
776	3
777	3
778	3
779	3
780	3
781	3
782	3
783	3
784	3
785	3
786	3
787	3
788	3
789	3
790	3
791	3
792	3
793	3
794	3
795	3
796	3
797	3
798	3
799	3
800	3
801	3
802	3
803	3
804	3
805	3
806	3
807	3
808	3
809	3
810	3
811	3
812	3
813	3
814	3
815	3
816	3
817	3
818	3
819	3
820	3
821	3
822	3
823	3
824	3
825	3
826	3
827	3
828	3
829	3
830	3
831	3
832	3
833	3
834	3
835	3
836	3
837	3
838	3
839	3
840	3
841	3
842	3
843	3
844	3
845	3
846	3
847	3
848	3
849	3
850	3
851	3
852	3
853	3
854	3
855	3
856	3
857	3
858	3
859	3
860	3
861	3
862	3
863	3
864	3
865	3
866	3
867	3
868	3
869	3
870	3
871	3
872	3
873	3
874	3
875	3
876	3
877	3
878	3
879	3
880	3
881	3
882	3
883	3
884	3
885	3
886	3
887	3
888	3
889	3
890	3
891	3
892	3
893	3
894	3
895	3
896	3
897	3
898	3
899	3
900	3
901	3
902	3
903	3
904	3
905	3
906	3
907	3
908	3
909	3
910	3
911	3
912	3
913	3
914	3
915	3
916	3
917	3
918	3
919	3
920	3
921	3
922	3
923	3
924	3
925	3
926	3
927	3
928	3
929	3
930	3
931	3
932	3
933	3
934	3
935	3
936	3
937	3
938	3
939	3
940	3
941	3
942	3
943	3
944	3
945	3
946	3
947	3
948	3
949	3
950	3
951	3
952	3
953	3
954	3
955	3
956	3
957	3
958	3
959	3
960	3
961	3
962	3
963	3
964	3
965	3
966	3
967	3
968	3
969	3
970	3
971	3
972	3
973	3
974	3
975	3
976	3
977	3
978	3
979	3
980	3
981	3
982	3
983	3
984	3
985	3
986	3
987	3
988	3
989	3
990	3
991	3
992	3
993	3
994	3
995	3
996	3
997	3
998	3
999	3
1000	3
1001	3
1002	3
1003	3
1004	3
1005	3
1006	3
1007	3
1008	3
1009	3
1010	3
1011	3
1012	3
1013	3
1014	3
1015	3
1016	3
1017	3
1018	3
1019	3
1020	3
1021	3
1022	3
1023	3
1024	3
1025	3
1026	3
1027	3
1028	3
1029	3
1030	3
1031	3
1032	3
1033	3
1034	3
1035	3
1036	3
1037	3
1038	3
1039	3
1040	3
1041	3
1042	3
1043	3
1044	3
1045	3
1046	3
1047	3
1048	3
1049	3
1050	3
1051	3
1052	3
1053	3
1054	3
1055	3
1056	3
1057	3
1058	3
1059	3
1060	3
1061	3
1062	3
1063	3
1064	3
1065	3
1066	3
1067	3
1068	3
1069	3
1070	3
1071	3
1072	3
1073	3
1074	3
1075	3
1076	3
1077	3
1078	3
1079	3
1080	3
1081	3
1082	3
1083	3
1084	3
1085	3
1086	3
1087	3
1088	3
1089	3
1090	3
1091	3
1092	3
1093	3
1094	3
1095	3
1096	3
1097	3
1098	3
1099	3
1100	3
1101	3
1102	3
1103	3
1104	3
1105	3
1106	3
1107	3
1108	3
1109	3
1110	3
1111	3
1112	3
1113	3
1114	3
1115	3
1116	3
1117	3
1118	3
1119	3
1120	3
1121	3
1122	3
1123	3
1124	3
1125	3
1126	3
1127	3
1128	3
1129	3
1130	3
1131	3
1132	3
1133	3
1134	3
1135	3
1136	3
1137	3
1138	3
1139	3
1140	3
1141	3
1142	3
1143	3
1144	3
1145	3
1146	3
1147	3
1148	3
1149	3
1150	3
1151	3
1152	3
1153	3
1154	3
1155	3
1156	3
1157	3
1158	3
1159	3
1160	3
1161	3
1162	3
1163	3
1164	3
1165	3
1166	3
1167	3
1168	3
1169	3
1170	3
1171	3
1172	3
1173	3
1174	3
1175	3
1176	3
1177	3
1178	3
1179	3
1180	3
1181	3
1182	3
1183	3
1184	3
1185	3
1186	3
1187	3
1188	3
1189	3
1190	3
1191	3
1192	3
1193	3
1194	3
1195	3
1196	3
1197	3
1198	3
1199	3
1200	3
1201	3
1202	3
1203	3
1204	3
1205	3
1206	3
1207	3
1208	3
1209	3
1210	3
1211	3
1212	3
1213	3
1214	3
1215	3
1216	3
1217	3
1218	3
1219	3
1220	3
1221	3
1222	3
1223	3
1224	3
1225	3
1226	3
1227	3
1228	3
1229	3
1230	3
1231	3
1232	3
1233	3
1234	3
1235	3
1236	3
1237	3
1238	3
1239	3
1240	3
1241	3
1242	3
1243	3
1244	3
1245	3
1246	3
1247	3
1248	3
1249	3
1250	3
1251	3
1252	3
1253	3
1254	3
1255	3
1256	3
1257	3
1258	3
1259	3
1260	3
1261	3
1262	3
1263	3
1264	3
1265	3
1266	3
1267	3
1268	3
1269	3
1270	3
1271	3
1272	3
1273	3
1274	3
1275	3
1276	3
1277	3
1278	3
1279	3
1280	3
1281	3
1282	3
1283	3
1284	3
1285	3
1286	3
1287	3
1288	3
1289	3
1290	3
1291	3
1292	3
1293	3
1294	3
1295	3
1296	3
1297	3
1298	3
1299	3
1300	3
1301	3
1302	3
1303	3
1304	3
1305	3
1306	3
1307	3
1308	3
1309	3
1310	3
1311	3
1312	3
1313	3
1314	3
1315	3
1316	3
1317	3
1318	3
1319	3
1320	3
1321	3
1322	3
1323	3
1324	3
1325	3
1326	3
1327	3
1328	3
1329	3
1330	3
1331	3
1332	3
1333	3
1334	3
1335	3
1336	3
1337	3
1338	3
1339	3
1340	3
1341	3
1342	3
1343	3
1344	3
1345	3
1346	3
1347	3
1348	3
1349	3
1350	3
1351	3
1352	3
1353	3
1354	3
1355	3
1356	3
1357	3
1358	3
1359	3
1360	3
1361	3
1362	3
1363	3
1364	3
1365	3
1366	3
1367	3
1368	3
1369	3
1370	3
1371	3
1372	3
1373	3
1374	3
1375	3
1376	3
1377	3
1378	3
1379	3
1380	3
1381	3
1382	3
1383	3
1384	3
1385	3
1386	3
1387	3
1388	3
1389	3
1390	3
1391	3
1392	3
1393	3
1394	3
1395	3
1396	3
1397	3
1398	3
1399	3
1400	3
1401	3
1402	3
1403	3
1404	3
1405	3
1406	3
1407	3
1408	3
1409	3
1410	3
1411	3
1412	3
1413	3
1414	3
1415	3
1416	3
1417	3
1418	3
1419	3
1420	3
1421	3
1422	3
1423	3
1424	3
1425	3
1426	3
1427	3
1428	3
1429	3
1430	3
1431	3
1432	3
1433	3
1434	3
1435	3
1436	3
1437	3
1438	3
1439	3
1440	3
1441	3
1442	3
1443	3
1444	3
1445	3
1446	3
1447	3
1448	3
1449	3
1450	3
1451	3
1452	3
1453	3
1454	3
1455	3
1456	3
1457	3
1458	3
1459	3
1460	3
1461	3
1462	3
1463	3
1464	3
1465	3
1466	3
1467	3
1468	3
1469	3
1470	3
1471	3
1472	3
1473	3
1474	3
1475	3
1476	3
1477	3
1478	3
1479	3
1480	3
1481	3
1482	3
1483	3
1484	3
1485	3
1486	3
1487	3
1488	3
1489	3
1490	3
1491	3
1492	3
1493	3
1494	3
1495	3
1496	3
1497	3
1498	3
1499	3
1500	3
1501	3
1502	3
1503	3
1504	3
1505	3
1506	3
1507	3
1508	3
1509	3
1510	3
1511	3
1512	3
1513	3
1514	3
1515	3
1516	3
1517	3
1518	3
1519	3
1520	3
1521	3
1522	3
1523	3
1524	3
1525	3
1526	3
1527	3
1528	3
1529	3
1530	3
1531	3
1532	3
1533	3
1534	3
1535	3
1536	3
1537	3
1538	3
1539	3
1540	3
1541	3
1542	3
1543	3
1544	3
1545	3
1546	3
1547	3
1548	3
1549	3
1550	3
1551	3
1552	3
1553	3
1554	3
1555	3
1556	3
1557	3
1558	3
1559	3
1560	3
1561	3
1562	3
1563	3
1564	3
1565	3
1566	3
1567	3
1568	3
1569	3
1570	3
1571	3
1572	3
1573	3
1574	3
1575	3
1576	3
1577	3
1578	3
1579	3
1580	3
1581	3
1582	3
1583	3
1584	3
1585	3
1586	3
1587	3
1588	3
1589	3
1590	3
1591	3
1592	3
1593	3
1594	3
1595	3
1596	3
1597	3
1598	3
1599	3
1600	3
1601	3
1602	3
1603	3
1604	3
1605	3
1606	3
1607	3
1608	3
1609	3
1610	3
1611	3
1612	3
1613	3
1614	3
1615	3
1616	3
1617	3
1618	3
1619	3
1620	3
1621	3
1622	3
1623	3
1624	3
1625	3
1626	3
1627	3
1628	3
1629	3
1630	3
1631	3
1632	3
1633	3
1634	3
1635	3
1636	3
1637	3
1638	3
1639	3
1640	3
1641	3
1642	3
1643	3
1644	3
1645	3
1646	3
1647	3
1648	3
1649	3
1650	3
1651	3
1652	3
1653	3
1654	3
1655	3
1656	3
1657	3
1658	3
1659	3
1660	3
1661	3
1662	3
1663	3
1664	3
1665	3
1666	3
1667	3
1668	3
1669	3
1670	3
1671	3
1672	3
1673	3
1674	3
1675	3
1676	3
1677	3
1678	3
1679	3
1680	3
1681	3
1682	3
1683	3
1684	3
1685	3
1686	3
1687	3
1688	3
1689	3
1690	3
1691	3
1692	3
1693	3
1694	3
1695	3
1696	3
1697	3
1698	3
1699	3
1700	3
1701	3
1702	3
1703	3
1704	3
1705	3
1706	3
1707	3
1708	3
1709	3
1710	3
1711	3
1712	3
1713	3
1714	3
1715	3
1716	3
1717	3
1718	3
1719	3
1720	3
1721	3
1722	3
1723	3
1724	3
1725	3
1726	3
1727	3
1728	3
1729	3
1730	3
1731	3
1732	3
1733	3
1734	3
1735	3
1736	3
1737	3
1738	3
1739	3
1740	3
1741	3
1742	3
1743	3
1744	3
1745	3
1746	3
1747	3
1748	3
1749	3
1750	3
1751	3
1752	3
1753	3
1754	3
1755	3
1756	3
1757	3
1758	3
1759	3
1760	3
1761	3
1762	3
1763	3
1764	3
1765	3
1766	3
1767	3
1768	3
1769	3
1770	3
1771	3
1772	3
1773	3
1774	3
1775	3
1776	3
1777	3
1778	3
1779	3
1780	3
1781	3
1782	3
1783	3
1784	3
1785	3
1786	3
1787	3
1788	3
1789	3
1790	3
1791	3
1792	3
1793	3
1794	3
1795	3
1796	3
1797	3
1798	3
1799	3
1800	3
1801	3
1802	3
1803	3
1804	3
1805	3
1806	3
1807	3
1808	3
1809	3
1810	3
1811	3
1812	3
1813	3
1814	3
1815	3
1816	3
1817	3
1818	3
1819	3
1820	3
1821	3
1822	3
1823	3
1824	3
1825	3
1826	3
1827	3
1828	3
1829	3
1830	3
1831	3
1832	3
1833	3
1834	3
1835	3
1836	3
1837	3
1838	3
1839	3
1840	3
1841	3
1842	3
1843	3
1844	3
1845	3
1846	3
1847	3
1848	3
1849	3
1850	3
1851	3
1852	3
1853	3
1854	3
1855	3
1856	3
1857	3
1858	3
1859	3
1860	3
1861	3
1862	3
1863	3
1864	3
1865	3
1866	3
1867	3
1868	3
1869	3
1870	3
1871	3
1872	3
1873	3
1874	3
1875	3
1876	3
1877	3
1878	3
1879	3
1880	3
1881	3
1882	3
1883	3
1884	3
1885	3
1886	3
1887	3
1888	3
1889	3
1890	3
1891	3
1892	3
1893	3
1894	3
1895	3
1896	3
1897	3
1898	3
1899	3
1900	3
1901	3
1902	3
1903	3
1904	3
1905	3
1906	3
1907	3
1908	3
1909	3
1910	3
1911	3
1912	3
1913	3
1914	3
1915	3
1916	3
1917	3
1918	3
1919	3
1920	3
1921	3
1922	3
1923	3
1924	3
1925	3
1926	3
1927	3
1928	3
1929	3
1930	3
1931	3
1932	3
1933	3
1934	3
1935	3
1936	3
1937	3
1938	3
1939	3
1940	3
1941	3
1942	3
1943	3
1944	3
1945	3
1946	3
1947	3
1948	3
1949	3
1950	3
1951	3
1952	3
1953	3
1954	3
1955	3
1956	3
1957	3
1958	3
1959	3
1960	3
1961	3
1962	3
1963	3
1964	3
1965	3
1966	3
1967	3
1968	3
1969	3
1970	3
1971	3
1972	3
1973	3
1974	3
1975	3
1976	3
1977	3
1978	3
1979	3
1980	3
1981	3
1982	3
1983	3
1984	3
1985	3
1986	3
1987	3
1988	3
1989	3
1990	3
1991	3
1992	3
1993	3
1994	3
1995	3
1996	3
1997	3
1998	3
1999	3
2000	3
2001	3
2002	3
2003	3
2004	3
2005	3
2006	3
2007	3
2008	3
2009	3
2010	3
2011	3
2012	3
2013	3
2014	3
2015	3
2016	3
2017	3
2018	3
2019	3
2020	3
2021	3
2022	3
2023	3
2024	3
2025	3
2026	3
2027	3
2028	3
2029	3
2030	3
2031	3
2032	3
2033	3
2034	3
2035	3
2036	3
2037	3
2038	3
2039	3
2040	3
2041	3
2042	3
2043	3
2044	3
2045	3
2046	3
2047	3
2048	3
2049	3
2050	3
2051	3
2052	3
2053	3
2054	3
2055	3
2056	3
2057	3
2058	3
2059	3
2060	3
2061	3
2062	3
2063	3
2064	3
2065	3
2066	3
2067	3
2068	3
2069	3
2070	3
2071	3
2072	3
2073	3
2074	3
2075	3
2076	3
2077	3
2078	3
2079	3
2080	3
2081	3
2082	3
2083	3
2084	3
2085	3
2086	3
2087	4
2088	4
2089	4
2090	4
2091	4
2092	4
2093	4
2094	4
2095	4
2096	4
2097	4
2098	4
2099	4
2100	4
2101	4
2102	4
2103	4
2104	4
2105	4
2106	4
2107	4
2108	4
2109	4
2110	4
2111	4
2112	4
2113	4
2114	4
2115	4
2116	4
2117	4
2118	4
2119	4
2120	4
2121	4
2122	4
2123	4
2124	4
2125	4
2126	4
2127	4
2128	4
2129	4
2130	4
2131	4
2132	4
2133	4
2134	4
2135	4
2136	4
2137	4
2138	4
2139	4
2140	4
2141	4
2142	4
2143	4
2144	4
2145	4
2146	4
2147	4
2148	4
2149	4
2150	4
2151	4
2152	4
2153	4
2154	4
2155	4
2156	4
2157	4
2158	4
2159	4
2160	4
2161	4
2162	4
2163	4
2164	4
2165	4
2166	4
2167	4
2168	4
2169	4
2170	4
2171	4
2172	4
2173	4
2174	4
2175	4
2176	4
2177	4
2178	4
2179	4
2180	4
2181	4
2182	4
2183	4
2184	4
2185	4
2186	4
2187	4
2188	4
2189	4
2190	4
2191	4
2192	4
2193	4
2194	4
2195	4
2196	4
2197	4
2198	4
2199	4
2200	4
2201	4
2202	4
2203	4
2204	4
2205	4
2206	4
2207	4
2208	4
2209	4
2210	4
2211	4
2212	4
2213	4
2214	4
2215	4
2216	4
2217	4
2218	4
2219	4
2220	4
2221	4
2222	4
2223	4
2224	4
2225	4
2226	4
2227	4
2228	4
2229	4
2230	4
2231	4
2232	4
2233	4
2234	4
2235	4
2236	4
2237	4
2238	4
2239	4
2240	4
2241	4
2242	4
2243	4
2244	4
2245	4
2246	4
2247	4
2248	4
2249	4
2250	4
2251	4
2252	4
2253	4
2254	4
2255	4
2256	4
2257	4
2258	4
2259	4
2260	4
2261	4
2262	4
2263	4
2264	4
2265	4
2266	4
2267	4
2268	4
2269	4
2270	4
2271	4
2272	4
2273	4
2274	4
2275	4
2276	4
2277	4
2278	4
2279	4
2280	4
2281	4
2282	4
2283	4
2284	4
2285	4
2286	4
2287	4
2288	4
2289	4
2290	4
2291	4
2292	4
2293	4
2294	4
2295	4
2296	4
2297	4
2298	4
2299	4
2300	4
2301	4
2302	4
2303	4
2304	4
2305	4
2306	4
2307	4
2308	4
2309	4
2310	4
2311	4
2312	4
2313	4
2314	4
2315	4
2316	4
2317	4
2318	4
2319	4
2320	4
2321	4
2322	4
2323	4
2324	4
2325	4
2326	4
2327	4
2328	4
2329	4
2330	4
2331	4
2332	4
2333	4
2334	4
2335	4
2336	4
2337	4
2338	4
2339	4
2340	4
2341	4
2342	4
2343	4
2344	4
2345	4
2346	4
2347	4
2348	4
2349	4
2350	4
2351	4
2352	4
2353	4
2354	4
2355	4
2356	4
2357	4
2358	4
2359	4
2360	4
2361	4
2362	4
2363	4
2364	4
2365	4
2366	4
2367	4
2368	4
2369	4
2370	4
2371	4
2372	4
2373	4
2374	4
2375	4
2376	4
2377	4
2378	4
2379	4
2380	4
2381	4
2382	4
2383	4
2384	4
2385	4
2386	4
2387	4
2388	4
2389	4
2390	4
2391	4
2392	4
2393	4
2394	4
2395	4
2396	4
2397	4
2398	4
2399	4
2400	4
2401	4
2402	4
2403	4
2404	4
2405	4
2406	4
2407	4
2408	4
2409	4
2410	4
2411	4
2412	4
2413	4
2414	4
2415	4
2416	4
2417	4
2418	4
2419	4
2420	4
2421	4
2422	4
2423	4
2424	4
2425	4
2426	4
2427	4
2428	4
2429	4
2430	4
2431	4
2432	4
2433	4
2434	4
2435	4
2436	4
2437	4
2438	4
2439	4
2440	4
2441	4
2442	4
2443	4
2444	4
2445	4
2446	4
2447	4
2448	4
2449	4
2450	4
2451	4
2452	4
2453	4
2454	4
2455	4
2456	4
2457	4
2458	4
2459	4
2460	4
2461	4
2462	4
2463	4
2464	4
2465	4
2466	4
2467	4
2468	4
2469	4
2470	4
2471	4
2472	4
2473	4
2474	4
2475	4
2476	4
2477	4
2478	4
2479	4
2480	4
2481	4
2482	4
2483	4
2484	4
2485	4
2486	4
2487	4
2488	4
2489	4
2490	4
2491	4
2492	4
2493	4
2494	4
2495	4
2496	4
2497	4
2498	4
2499	4
2500	4
2501	4
2502	4
2503	4
2504	4
2505	4
2506	4
2507	4
2508	4
2509	4
2510	4
2511	4
2512	4
2513	4
2514	4
2515	4
2516	4
2517	4
2518	4
2519	4
2520	4
2521	4
2522	4
2523	4
2524	4
2525	4
2526	4
2527	4
2528	4
2529	4
2530	4
2531	4
2532	4
2533	4
2534	4
2535	4
2536	4
2537	4
2538	4
2539	4
2540	4
2541	4
2542	4
2543	4
2544	4
2545	4
2546	4
2547	4
2548	4
2549	4
2550	4
2551	4
2552	4
2553	4
2554	4
2555	4
2556	4
2557	4
2558	4
2559	4
2560	4
2561	4
2562	4
2563	4
2564	4
2565	4
2566	4
2567	4
2568	4
2569	4
2570	4
2571	4
2572	4
2573	4
2574	4
2575	4
2576	4
2577	4
2578	4
2579	4
2580	4
2581	4
2582	4
2583	4
2584	4
2585	4
2586	4
2587	4
2588	4
2589	4
2590	4
2591	4
2592	4
2593	4
2594	4
2595	4
2596	4
2597	4
2598	4
2599	4
2600	4
2601	4
2602	4
2603	4
2604	4
2605	4
2606	4
2607	4
2608	4
2609	4
2610	4
2611	4
2612	4
2613	4
2614	4
2615	4
2616	4
2617	4
2618	4
2619	4
2620	4
2621	4
2622	4
2623	4
2624	4
2625	4
2626	4
2627	4
2628	4
2629	4
2630	4
2631	4
2632	4
2633	4
2634	4
2635	4
2636	4
2637	4
2638	4
2639	4
2640	4
2641	4
2642	4
2643	4
2644	4
2645	4
2646	4
2647	4
2648	4
2649	4
2650	4
2651	4
2652	4
2653	4
2654	4
2655	4
2656	4
2657	4
2658	4
2659	4
2660	4
2661	4
2662	4
2663	4
2664	4
2665	4
2666	4
2667	4
2668	4
2669	4
2670	4
2671	4
2672	4
2673	4
2674	4
2675	4
2676	4
2677	4
2678	4
2679	4
2680	4
2681	4
2682	4
2683	4
2684	4
2685	4
2686	4
2687	4
2688	4
2689	4
2690	4
2691	4
2692	4
2693	4
2694	4
2695	4
2696	4
2697	4
2698	4
2699	4
2700	4
2701	4
2702	4
2703	4
2704	4
2705	4
2706	4
2707	4
2708	4
2709	4
2710	4
2711	4
2712	4
2713	4
2714	4
2715	4
2716	4
2717	4
2718	4
2719	4
2720	4
2721	4
2722	4
2723	4
2724	4
2725	4
2726	4
2727	4
2728	4
2729	4
2730	4
2731	4
2732	4
2733	4
2734	4
2735	4
2736	4
2737	4
2738	4
2739	4
2740	4
2741	4
2742	4
2743	4
2744	4
2745	4
2746	4
2747	4
2748	4
2749	4
2750	4
2751	4
2752	4
2753	4
2754	4
2755	4
2756	4
2757	4
2758	4
2759	4
2760	4
2761	4
2762	4
2763	4
2764	4
2765	4
2766	4
2767	4
2768	4
2769	4
2770	4
2771	4
2772	4
2773	4
2774	4
2775	4
2776	4
2777	4
2778	4
2779	4
2780	4
2781	4
2782	4
2783	4
2784	4
2785	4
2786	4
2787	4
2788	4
2789	4
2790	4
2791	4
2792	4
2793	4
2794	4
2795	4
2796	4
2797	4
2798	4
2799	4
2800	4
2801	4
2802	4
2803	4
2804	4
2805	4
2806	4
2807	4
2808	4
2809	4
2810	4
2811	4
2812	4
2813	4
2814	4
2815	4
2816	4
2817	4
2818	4
2819	4
2820	4
2821	4
2822	4
2823	4
2824	4
2825	4
2826	4
2827	4
2828	4
2829	4
2830	4
2831	4
2832	4
2833	4
2834	4
2835	4
2836	4
2837	4
2838	4
2839	4
2840	4
2841	4
2842	4
2843	4
2844	4
2845	4
2846	4
2847	4
2848	4
2849	4
2850	4
2851	4
2852	4
2853	4
2854	4
2855	4
2856	4
2857	4
2858	4
2859	4
2860	4
2861	4
2862	4
2863	4
2864	4
2865	4
2866	4
2867	4
2868	4
2869	4
2870	4
2871	4
2872	4
2873	4
2874	4
2875	4
2876	4
2877	4
2878	4
2879	4
2880	4
2881	4
2882	4
2883	4
2884	4
2885	4
2886	4
2887	4
2888	4
2889	4
2890	4
2891	4
2892	4
2893	4
2894	4
2895	4
2896	4
2897	4
2898	4
2899	4
2900	4
2901	4
2902	4
2903	4
2904	4
2905	4
2906	4
2907	4
2908	4
2909	4
2910	4
2911	4
2912	4
2913	4
2914	4
2915	4
2916	4
2917	4
2918	4
2919	4
2920	4
2921	4
2922	4
2923	4
2924	4
2925	4
2926	4
2927	4
2928	4
2929	4
2930	4
2931	4
2932	4
2933	4
2934	4
2935	4
2936	4
2937	4
2938	4
2939	4
2940	4
2941	4
2942	4
2943	4
2944	4
2945	4
2946	4
2947	4
2948	4
2949	4
2950	4
2951	4
2952	4
2953	4
2954	4
2955	4
2956	4
2957	4
2958	4
2959	4
2960	4
2961	4
2962	4
2963	4
2964	4
2965	4
2966	4
2967	4
2968	4
2969	4
2970	4
2971	4
2972	4
2973	4
2974	4
2975	4
2976	4
2977	4
2978	4
2979	4
2980	4
2981	4
2982	4
2983	4
2984	4
2985	4
2986	4
2987	4
2988	4
2989	4
2990	4
2991	4
2992	4
2993	4
2994	4
2995	4
2996	4
2997	4
2998	4
2999	4
3000	4
3001	4
3002	4
3003	4
3004	4
3005	4
3006	4
3007	4
3008	4
3009	4
3010	4
3011	4
3012	4
3013	4
3014	4
3015	4
3016	4
3017	4
3018	4
3019	4
3020	4
3021	4
3022	4
3023	4
3024	4
3025	4
3026	4
3027	4
3028	4
3029	4
3030	4
3031	4
3032	4
3033	4
3034	4
3035	4
3036	4
3037	4
3038	4
3039	4
3040	4
3041	4
3042	4
3043	4
3044	4
3045	4
3046	4
3047	4
3048	4
3049	4
3050	4
3051	4
3052	4
3053	4
3054	4
3055	4
3056	4
3057	4
3058	4
3059	4
3060	4
3061	4
3062	4
3063	4
3064	4
3065	4
3066	4
3067	4
3068	4
3069	4
3070	4
3071	4
3072	4
3073	4
3074	4
3075	4
3076	4
3077	4
3078	4
3079	4
3080	4
3081	4
3082	4
3083	4
3084	4
3085	4
3086	4
3087	4
3088	4
3089	4
3090	4
3091	4
3092	4
3093	4
3094	4
3095	4
3096	4
3097	4
3098	4
3099	4
3100	4
3101	4
3102	4
3103	4
3104	4
3105	4
3106	4
3107	4
3108	4
3109	4
3110	4
3111	4
3112	4
3113	4
3114	4
3115	4
3116	4
3117	4
3118	4
3119	4
3120	4
3121	4
3122	4
3123	4
3124	4
3125	4
3126	4
3127	4
3128	4
3129	4
3130	4
3131	4
3132	4
3133	4
3134	4
3135	4
3136	4
3137	4
3138	4
3139	4
3140	4
3141	4
3142	4
3143	4
3144	4
3145	4
3146	4
3147	4
3148	4
3149	4
3150	4
3151	4
3152	4
3153	4
3154	4
3155	4
3156	4
3157	4
3158	4
3159	4
3160	4
3161	4
3162	4
3163	4
3164	4
3165	4
3166	4
3167	4
3168	4
3169	4
3170	4
3171	4
3172	4
3173	4
3174	4
3175	4
3176	4
3177	4
3178	4
3179	4
3180	4
3181	4
3182	4
3183	4
3184	4
3185	4
3186	4
3187	4
3188	4
3189	4
3190	4
3191	4
3192	4
3193	4
3194	4
3195	4
3196	4
3197	4
3198	4
3199	4
3200	4
3201	4
3202	4
3203	4
3204	4
3205	4
3206	4
3207	4
3208	4
3209	4
3210	4
3211	4
3212	4
3213	4
3214	4
3215	4
3216	4
3217	4
3218	4
3219	4
3220	4
3221	4
3222	4
3223	4
3224	4
3225	4
3226	4
3227	4
3228	4
3229	4
3230	4
3231	4
3232	4
3233	4
3234	4
3235	4
3236	4
3237	4
3238	4
3239	4
3240	4
3241	4
3242	4
3243	4
3244	4
3245	4
3246	4
3247	4
3248	4
3249	4
3250	4
3251	4
3252	4
3253	4
3254	4
3255	4
3256	4
3257	4
3258	4
3259	4
3260	4
3261	4
3262	4
3263	4
3264	4
3265	4
3266	4
3267	4
3268	4
3269	4
3270	4
3271	4
3272	4
3273	4
3274	4
3275	4
3276	4
3277	4
3278	4
3279	4
3280	4
3281	4
3282	4
3283	4
3284	4
3285	4
3286	4
3287	4
3288	4
3289	4
3290	4
3291	4
3292	4
3293	4
3294	4
3295	4
3296	4
3297	4
3298	4
3299	4
3300	4
3301	4
3302	4
3303	4
3304	4
3305	4
3306	4
3307	4
3308	4
3309	4
3310	4
3311	4
3312	4
3313	4
3314	4
3315	4
3316	4
3317	4
3318	4
3319	4
3320	4
3321	4
3322	4
3323	4
3324	4
3325	4
3326	4
3327	4
3328	4
3329	4
3330	4
3331	4
3332	4
3333	4
3334	4
3335	4
3336	4
3337	4
3338	4
3339	4
3340	4
3341	4
3342	4
3343	4
3344	4
3345	4
3346	4
3347	4
3348	4
3349	4
3350	4
3351	4
3352	4
3353	4
3354	4
3355	4
3356	4
3357	4
3358	4
3359	4
3360	4
3361	4
3362	4
3363	4
3364	4
3365	4
3366	4
3367	4
3368	4
3369	4
3370	4
3371	4
3372	4
3373	4
3374	4
3375	4
3376	4
3377	4
3378	4
3379	4
3380	4
3381	4
3382	4
3383	4
3384	4
3385	4
3386	4
3387	4
3388	4
3389	4
3390	4
3391	4
3392	4
3393	4
3394	4
3395	4
3396	4
3397	4
3398	4
3399	4
3400	4
3401	4
3402	4
3403	4
3404	4
3405	4
3406	4
3407	4
3408	4
3409	4
3410	4
3411	4
3412	4
3413	4
3414	4
3415	4
3416	4
3417	4
3418	4
3419	4
3420	4
3421	4
3422	4
3423	4
3424	4
3425	4
3426	4
3427	4
3428	4
3429	4
3430	4
3431	4
3432	4
3433	4
3434	4
3435	4
3436	4
3437	4
3438	4
3439	4
3440	4
3441	4
3442	4
3443	4
3444	4
3445	4
3446	4
3447	4
3448	4
3449	4
3450	4
3451	4
3452	4
3453	4
3454	4
3455	4
3456	4
3457	4
3458	4
3459	4
3460	4
3461	4
3462	4
3463	4
3464	4
3465	4
3466	4
3467	4
3468	4
3469	4
3470	4
3471	4
3472	4
3473	4
3474	4
3475	4
3476	4
3477	4
3478	4
3479	4
3480	4
3481	4
3482	4
3483	4
3484	4
3485	4
3486	4
3487	4
3488	4
3489	4
3490	4
3491	4
3492	4
3493	4
3494	4
3495	4
3496	4
3497	4
3498	4
3499	4
3500	4
3501	4
3502	4
3503	4
3504	4
3505	4
3506	4
3507	4
3508	4
3509	4
3510	4
3511	4
3512	4
3513	4
3514	4
3515	4
3516	4
3517	4
3518	4
3519	4
3520	4
3521	4
3522	4
3523	4
3524	4
3525	4
3526	4
3527	4
3528	4
3529	4
3530	4
3531	4
3532	4
3533	4
3534	4
3535	4
3536	4
3537	4
3538	4
3539	4
3540	4
3541	4
3542	4
3543	4
3544	4
3545	4
3546	4
3547	4
3548	4
3549	4
3550	4
3551	4
3552	4
3553	4
3554	4
3555	4
3556	4
3557	4
3558	4
3559	4
3560	4
3561	4
3562	4
3563	4
3564	4
3565	4
3566	4
3567	4
3568	4
3569	4
3570	4
3571	4
3572	4
3573	4
3574	4
3575	4
3576	4
3577	4
3578	4
3579	4
3580	4
3581	4
3582	4
3583	4
3584	4
3585	4
3586	4
3587	4
3588	4
3589	4
3590	4
3591	4
3592	4
3593	4
3594	4
3595	4
3596	4
3597	4
3598	4
3599	4
3600	4
3601	4
3602	4
3603	4
3604	4
3605	4
3606	4
3607	4
3608	4
3609	4
3610	4
3611	4
3612	4
3613	4
3614	4
3615	4
3616	4
3617	4
3618	4
3619	4
3620	4
3621	4
3622	4
3623	4
3624	4
3625	4
3626	4
3627	4
3628	4
3629	4
3630	4
3631	4
3632	4
3633	4
3634	4
3635	4
3636	4
3637	4
3638	4
3639	4
3640	4
3641	4
3642	4
3643	4
3644	4
3645	4
3646	4
3647	4
3648	4
3649	4
3650	4
3651	4
3652	4
3653	4
3654	4
3655	4
3656	4
3657	4
3658	4
3659	4
3660	4
3661	4
3662	4
3663	4
3664	4
3665	4
3666	4
3667	4
3668	4
3669	4
3670	4
3671	4
3672	4
3673	4
3674	4
3675	4
3676	4
3677	4
3678	4
3679	4
3680	4
3681	4
3682	4
3683	4
3684	4
3685	4
3686	4
3687	4
3688	4
3689	4
3690	4
3691	4
3692	4
3693	4
3694	4
3695	4
3696	4
3697	4
3698	4
3699	4
3700	4
3701	4
3702	4
3703	5
3704	5
3705	5
3706	5
3707	5
3708	5
3709	5
3710	5
3711	5
3712	5
3713	5
3714	5
3715	5
3716	5
3717	5
3718	5
3719	5
3720	5
3721	5
3722	5
3723	5
3724	5
3725	5
3726	5
3727	5
3728	5
3729	5
3730	5
3731	5
3732	5
3733	5
3734	5
3735	5
3736	5
3737	5
3738	5
3739	5
3740	5
3741	5
3742	5
3743	5
3744	5
3745	5
3746	5
3747	5
3748	5
3749	5
3750	5
3751	5
3752	5
3753	5
3754	5
3755	5
3756	5
3757	5
3758	5
3759	5
3760	5
3761	5
3762	5
3763	5
3764	5
3765	5
3766	5
3767	5
3768	5
3769	5
3770	5
3771	5
3772	5
3773	5
3774	5
3775	5
3776	5
3777	5
3778	5
3779	5
3780	5
3781	5
3782	5
3783	5
3784	5
3785	5
3786	5
3787	5
3788	5
3789	5
3790	5
3791	5
3792	5
3793	5
3794	5
3795	5
3796	5
3797	5
3798	5
3799	5
3800	5
3801	5
3802	5
3803	5
3804	5
3805	5
3806	5
3807	5
3808	5
3809	5
3810	5
3811	5
3812	5
3813	5
3814	5
3815	5
3816	5
3817	5
3818	5
3819	5
3820	5
3821	5
3822	5
3823	5
3824	5
3825	5
3826	5
3827	5
3828	5
3829	5
3830	5
3831	5
3832	5
3833	5
3834	5
3835	5
3836	5
3837	5
3838	5
3839	5
3840	5
3841	5
3842	5
3843	5
3844	5
3845	5
3846	5
3847	5
3848	5
3849	5
3850	5
3851	5
3852	5
3853	5
3854	5
3855	5
3856	5
3857	5
3858	5
3859	5
3860	5
3861	5
3862	5
3863	5
3864	5
3865	5
3866	5
3867	5
3868	5
3869	5
3870	5
3871	5
3872	5
3873	5
3874	5
3875	5
3876	5
3877	5
3878	5
3879	5
3880	5
3881	5
3882	5
3883	5
3884	5
3885	5
3886	5
3887	5
3888	5
3889	5
3890	5
3891	5
3892	5
3893	5
3894	5
3895	5
3896	5
3897	5
3898	5
3899	5
3900	5
3901	5
3902	5
3903	5
3904	5
3905	5
3906	5
3907	5
3908	5
3909	5
3910	5
3911	5
3912	5
3913	5
3914	5
3915	5
3916	5
3917	5
3918	5
3919	5
3920	5
3921	5
3922	5
3923	5
3924	5
3925	5
3926	5
3927	5
3928	5
3929	5
3930	5
3931	5
3932	5
3933	5
3934	5
3935	5
3936	5
3937	5
3938	5
3939	5
3940	5
3941	5
3942	5
3943	5
3944	5
3945	5
3946	5
3947	5
3948	5
3949	5
3950	5
3951	5
3952	5
3953	5
3954	5
3955	5
3956	5
3957	5
3958	5
3959	5
3960	5
3961	5
3962	5
3963	5
3964	5
3965	5
3966	5
3967	5
3968	5
3969	5
3970	5
3971	5
3972	5
3973	5
3974	5
3975	5
3976	5
3977	5
3978	5
3979	5
3980	5
3981	5
3982	5
3983	5
3984	5
3985	5
3986	5
3987	5
3988	5
3989	5
3990	5
3991	5
3992	5
3993	5
3994	5
3995	5
3996	5
3997	5
3998	5
3999	5
4000	5
4001	5
4002	5
4003	5
4004	5
4005	5
4006	5
4007	5
4008	5
4009	5
4010	5
4011	5
4012	5
4013	5
4014	5
4015	5
4016	5
4017	5
4018	5
4019	5
4020	5
4021	5
4022	5
4023	5
4024	5
4025	5
4026	5
4027	5
4028	5
4029	5
4030	5
4031	5
4032	5
4033	5
4034	5
4035	5
4036	5
4037	5
4038	5
4039	5
4040	5
4041	5
4042	5
4043	5
4044	5
4045	5
4046	5
4047	5
4048	5
4049	5
4050	5
4051	5
4052	5
4053	5
4054	5
4055	5
4056	5
4057	5
4058	5
4059	5
4060	5
4061	5
4062	5
4063	5
4064	5
4065	5
4066	5
4067	5
4068	5
4069	5
4070	5
4071	5
4072	5
4073	5
4074	5
4075	5
4076	5
4077	5
4078	5
4079	5
4080	5
4081	5
4082	5
4083	5
4084	5
4085	5
4086	5
4087	5
4088	5
4089	5
4090	5
4091	5
4092	5
4093	5
4094	5
4095	5
4096	5
4097	5
4098	5
4099	5
4100	5
4101	5
4102	5
4103	5
4104	5
4105	5
4106	5
4107	5
4108	5
4109	5
4110	5
4111	5
4112	5
4113	5
4114	5
4115	5
4116	5
4117	5
4118	5
4119	5
4120	5
4121	5
4122	5
4123	5
4124	5
4125	5
4126	5
4127	5
4128	5
4129	5
4130	5
4131	5
4132	5
4133	5
4134	5
4135	5
4136	5
4137	5
4138	5
4139	5
4140	5
4141	5
4142	5
4143	5
4144	5
4145	5
4146	5
4147	5
4148	5
4149	5
4150	5
4151	5
4152	5
4153	5
4154	5
4155	5
4156	5
4157	5
4158	5
4159	5
4160	5
4161	5
4162	5
4163	5
4164	5
4165	5
4166	5
4167	5
4168	5
4169	5
4170	5
4171	5
4172	5
4173	5
4174	5
4175	5
4176	5
4177	5
4178	5
4179	5
4180	5
4181	5
4182	5
4183	5
4184	5
4185	5
4186	5
4187	5
4188	5
4189	5
4190	5
4191	5
4192	5
4193	5
4194	5
4195	5
4196	5
4197	5
4198	5
4199	5
4200	5
4201	5
4202	5
4203	5
4204	5
4205	5
4206	5
4207	5
4208	5
4209	5
4210	5
4211	5
4212	5
4213	5
4214	5
4215	5
4216	5
4217	5
4218	5
4219	5
4220	5
4221	5
4222	5
4223	5
4224	5
4225	5
4226	5
4227	5
4228	5
4229	5
4230	5
4231	5
4232	5
4233	5
4234	5
4235	5
4236	5
4237	5
4238	5
4239	5
4240	5
4241	5
4242	5
4243	5
4244	5
4245	5
4246	5
4247	5
4248	5
4249	5
4250	5
4251	5
4252	5
4253	5
4254	5
4255	5
4256	5
4257	5
4258	5
4259	5
4260	5
4261	5
4262	5
4263	5
4264	5
4265	5
4266	5
4267	5
4268	5
4269	5
4270	5
4271	5
4272	5
4273	5
4274	5
4275	5
4276	5
4277	5
4278	5
4279	5
4280	5
4281	5
4282	5
4283	5
4284	5
4285	5
4286	5
4287	5
4288	5
4289	5
4290	5
4291	5
4292	5
4293	5
4294	5
4295	5
4296	5
4297	5
4298	5
4299	5
4300	5
4301	5
4302	5
4303	5
4304	5
4305	5
4306	5
4307	5
4308	5
4309	5
4310	5
4311	5
4312	5
4313	5
4314	5
4315	5
4316	5
4317	5
4318	5
4319	5
4320	5
4321	5
4322	5
4323	5
4324	5
4325	5
4326	5
4327	5
4328	5
4329	5
4330	5
4331	5
4332	5
4333	5
4334	5
4335	5
4336	5
4337	5
4338	5
4339	5
4340	5
4341	5
4342	5
4343	5
4344	5
4345	5
4346	5
4347	5
4348	5
4349	5
4350	5
4351	5
4352	5
4353	5
4354	5
4355	5
4356	5
4357	5
4358	5
4359	5
4360	5
4361	5
4362	5
4363	5
4364	5
4365	5
4366	5
4367	5
4368	5
4369	5
4370	5
4371	5
4372	5
4373	5
4374	5
4375	5
4376	5
4377	5
4378	5
4379	5
4380	5
4381	5
4382	5
4383	5
4384	5
4385	5
4386	5
4387	5
4388	5
4389	5
4390	5
4391	5
4392	5
4393	5
4394	5
4395	5
4396	5
4397	5
4398	5
4399	5
4400	5
4401	5
4402	5
4403	5
4404	5
4405	5
4406	5
4407	5
4408	5
4409	5
4410	5
4411	5
4412	5
4413	5
4414	5
4415	5
4416	5
4417	5
4418	5
4419	5
4420	5
4421	5
4422	5
4423	5
4424	5
4425	5
4426	5
4427	5
4428	5
4429	5
4430	5
4431	5
4432	5
4433	5
4434	5
4435	5
4436	5
4437	5
4438	5
4439	5
4440	5
4441	5
4442	5
4443	5
4444	5
4445	5
4446	5
4447	5
4448	5
4449	5
4450	5
4451	5
4452	5
4453	5
4454	5
4455	5
4456	5
4457	5
4458	5
4459	5
4460	5
4461	5
4462	5
4463	5
4464	5
4465	5
4466	5
4467	5
4468	5
4469	5
4470	5
4471	5
4472	5
4473	5
4474	5
4475	5
4476	5
4477	5
4478	5
4479	5
4480	5
4481	5
4482	5
4483	5
4484	5
4485	5
4486	5
4487	5
4488	5
4489	5
4490	5
4491	5
4492	5
4493	5
4494	5
4495	5
4496	5
4497	5
4498	5
4499	5
4500	5
4501	5
4502	5
4503	5
4504	5
4505	5
4506	5
4507	5
4508	5
4509	5
4510	5
4511	5
4512	5
4513	5
4514	5
4515	5
4516	5
4517	5
4518	5
4519	5
4520	5
4521	5
4522	5
4523	5
4524	5
4525	5
4526	5
4527	5
4528	5
4529	5
4530	5
4531	5
4532	5
4533	5
4534	5
4535	5
4536	5
4537	5
4538	5
4539	5
4540	5
4541	5
4542	5
4543	5
4544	5
4545	5
4546	5
4547	5
4548	5
4549	5
4550	5
4551	5
4552	5
4553	5
4554	5
4555	5
4556	5
4557	5
4558	5
4559	5
4560	5
4561	5
4562	5
4563	5
4564	5
4565	5
4566	5
4567	5
4568	5
4569	5
4570	5
4571	5
4572	5
4573	5
4574	5
4575	5
4576	5
4577	5
4578	5
4579	5
4580	5
4581	5
4582	5
4583	5
4584	5
4585	5
4586	5
4587	5
4588	5
4589	5
4590	5
4591	5
4592	5
4593	5
4594	5
4595	5
4596	5
4597	5
4598	5
4599	5
4600	5
4601	5
4602	5
4603	5
4604	5
4605	5
4606	5
4607	5
4608	5
4609	5
4610	5
4611	5
4612	5
4613	5
4614	5
4615	5
4616	5
4617	5
4618	5
4619	5
4620	5
4621	5
4622	5
4623	5
4624	5
4625	5
4626	5
4627	5
4628	5
4629	5
4630	5
4631	5
4632	5
4633	5
4634	5
4635	5
4636	5
4637	5
4638	5
4639	5
4640	5
4641	5
4642	5
4643	5
4644	5
4645	5
4646	5
4647	5
4648	5
4649	5
4650	5
4651	5
4652	5
4653	5
4654	5
4655	5
4656	5
4657	5
4658	5
4659	5
4660	5
4661	5
4662	5
4663	5
4664	5
4665	5
4666	5
4667	5
4668	5
4669	5
4670	5
4671	5
4672	5
4673	5
4674	5
4675	5
4676	5
4677	5
4678	5
4679	5
4680	5
4681	5
4682	5
4683	5
4684	5
4685	5
4686	5
4687	5
4688	5
4689	5
4690	5
4691	5
4692	5
4693	5
4694	5
4695	5
4696	5
4697	5
4698	5
4699	5
4700	5
4701	5
4702	5
4703	5
4704	5
4705	5
4706	5
4707	5
4708	5
4709	5
4710	5
4711	5
4712	5
4713	5
4714	5
4715	5
4716	5
4717	5
4718	5
4719	5
4720	5
4721	5
4722	5
4723	5
4724	5
4725	5
4726	5
4727	5
4728	5
4729	5
4730	5
4731	5
4732	5
4733	5
4734	5
4735	5
4736	5
4737	5
4738	5
4739	5
4740	5
4741	5
4742	5
4743	5
4744	5
4745	5
4746	5
4747	5
4748	5
4749	5
4750	5
4751	5
4752	5
4753	5
4754	5
4755	5
4756	5
4757	5
4758	5
4759	5
4760	5
4761	5
4762	5
4763	5
4764	5
4765	5
4766	5
4767	5
4768	5
4769	5
4770	5
4771	5
4772	5
4773	5
4774	5
4775	5
4776	5
4777	5
4778	5
4779	5
4780	5
4781	5
4782	5
4783	5
4784	5
4785	5
4786	5
4787	5
4788	5
4789	5
4790	5
4791	5
4792	5
4793	5
4794	5
4795	5
4796	5
4797	5
4798	5
4799	5
4800	5
4801	5
4802	5
4803	5
4804	5
4805	5
4806	5
4807	5
4808	5
4809	5
4810	5
4811	5
4812	5
4813	5
4814	5
4815	5
4816	5
4817	5
4818	5
4819	5
4820	5
4821	5
4822	5
4823	5
4824	5
4825	5
4826	5
4827	5
4828	5
4829	5
4830	5
4831	5
4832	5
4833	5
4834	5
4835	5
4836	5
4837	5
4838	5
4839	5
4840	5
4841	5
4842	5
4843	5
4844	5
4845	5
4846	5
4847	5
4848	5
4849	5
4850	5
4851	5
4852	5
4853	5
4854	5
4855	5
4856	5
4857	5
4858	5
4859	5
4860	5
4861	5
4862	5
4863	5
4864	5
4865	5
4866	5
4867	5
4868	5
4869	5
4870	5
4871	5
4872	5
4873	5
4874	5
4875	5
4876	5
4877	5
4878	5
4879	5
4880	5
4881	5
4882	5
4883	5
4884	5
4885	5
4886	5
4887	5
4888	5
4889	5
4890	5
4891	5
4892	5
4893	5
4894	5
4895	5
4896	5
4897	5
4898	5
4899	5
4900	5
4901	5
4902	5
4903	5
4904	5
4905	5
4906	5
4907	5
4908	5
4909	5
4910	5
4911	5
4912	5
4913	5
4914	5
4915	5
4916	5
4917	5
4918	5
4919	5
4920	5
4921	5
4922	5
4923	5
4924	5
4925	5
4926	5
4927	5
4928	5
4929	5
4930	5
4931	5
4932	5
4933	5
4934	5
4935	5
4936	5
4937	5
4938	5
4939	5
4940	5
4941	5
4942	5
4943	5
4944	5
4945	5
4946	5
4947	5
4948	5
4949	5
4950	5
4951	5
4952	5
4953	5
4954	5
4955	5
4956	5
4957	5
4958	5
4959	6
4960	6
4961	6
4962	6
4963	6
4964	6
4965	6
4966	6
4967	6
4968	6
4969	6
4970	6
4971	6
4972	6
4973	6
4974	6
4975	6
4976	6
4977	6
4978	6
4979	6
4980	6
4981	6
4982	6
4983	6
4984	6
4985	6
4986	6
4987	6
4988	6
4989	6
4990	6
4991	6
4992	6
4993	6
4994	6
4995	6
4996	6
4997	6
4998	6
4999	6
5000	6
5001	6
5002	6
5003	6
5004	6
5005	6
5006	6
5007	6
5008	6
5009	6
5010	6
5011	6
5012	6
5013	6
5014	6
5015	6
5016	6
5017	6
5018	6
5019	6
5020	6
5021	6
5022	6
5023	6
5024	6
5025	6
5026	6
5027	6
5028	6
5029	6
5030	6
5031	6
5032	6
5033	6
5034	6
5035	6
5036	6
5037	6
5038	6
5039	6
5040	6
5041	6
5042	6
5043	6
5044	6
5045	6
5046	6
5047	6
5048	6
5049	6
5050	6
5051	6
5052	6
5053	6
5054	6
5055	6
5056	6
5057	6
5058	6
5059	6
5060	6
5061	6
5062	6
5063	6
5064	6
5065	6
5066	6
5067	6
5068	6
5069	6
5070	6
5071	6
5072	6
5073	6
5074	6
5075	6
5076	6
5077	6
5078	6
5079	6
5080	6
5081	6
5082	6
5083	6
5084	6
5085	6
5086	6
5087	6
5088	6
5089	6
5090	6
5091	6
5092	6
5093	6
5094	6
5095	6
5096	6
5097	6
5098	6
5099	6
5100	6
5101	6
5102	6
5103	6
5104	6
5105	6
5106	6
5107	6
5108	6
5109	6
5110	6
5111	6
5112	6
5113	6
5114	6
5115	6
5116	6
5117	6
5118	6
5119	6
5120	6
5121	6
5122	6
5123	6
5124	6
5125	6
5126	6
5127	6
5128	6
5129	6
5130	6
5131	6
5132	6
5133	6
5134	6
5135	6
5136	6
5137	6
5138	6
5139	6
5140	6
5141	6
5142	6
5143	6
5144	6
5145	6
5146	6
5147	6
5148	6
5149	6
5150	6
5151	6
5152	6
5153	6
5154	6
5155	6
5156	6
5157	6
5158	6
5159	6
5160	6
5161	6
5162	6
5163	6
5164	6
5165	6
5166	6
5167	6
5168	6
5169	6
5170	6
5171	6
5172	6
5173	6
5174	6
5175	6
5176	6
5177	6
5178	6
5179	6
5180	6
5181	6
5182	6
5183	6
5184	6
5185	6
5186	6
5187	6
5188	6
5189	6
5190	6
5191	6
5192	6
5193	6
5194	6
5195	6
5196	6
5197	6
5198	6
5199	6
5200	6
5201	6
5202	6
5203	6
5204	6
5205	6
5206	6
5207	6
5208	6
5209	6
5210	6
5211	6
5212	6
5213	6
5214	6
5215	6
5216	6
5217	6
5218	6
5219	6
5220	6
5221	6
5222	6
5223	6
5224	6
5225	6
5226	6
5227	6
5228	6
5229	6
5230	6
5231	6
5232	6
5233	6
5234	6
5235	6
5236	6
5237	6
5238	6
5239	6
5240	6
5241	6
5242	6
5243	6
5244	6
5245	6
5246	6
5247	6
5248	6
5249	6
5250	6
5251	6
5252	6
5253	6
5254	6
5255	6
5256	6
5257	6
5258	6
5259	6
5260	6
5261	6
5262	6
5263	6
5264	6
5265	6
5266	6
5267	6
5268	6
5269	6
5270	6
5271	6
5272	6
5273	6
5274	6
5275	6
5276	6
5277	6
5278	6
5279	6
5280	6
5281	6
5282	6
5283	6
5284	6
5285	6
5286	6
5287	6
5288	6
5289	6
5290	6
5291	6
5292	6
5293	6
5294	6
5295	6
5296	6
5297	6
5298	6
5299	6
5300	6
5301	6
5302	6
5303	6
5304	6
5305	6
5306	6
5307	6
5308	6
5309	6
5310	6
5311	6
5312	6
5313	6
5314	6
5315	6
5316	6
5317	6
5318	6
5319	6
5320	6
5321	6
5322	6
5323	6
5324	6
5325	6
5326	6
5327	6
5328	6
5329	6
5330	6
5331	6
5332	6
5333	6
5334	6
5335	6
5336	6
5337	6
5338	6
5339	6
5340	6
5341	6
5342	6
5343	6
5344	6
5345	6
5346	6
5347	6
5348	6
5349	6
5350	6
5351	6
5352	6
5353	6
5354	6
5355	6
5356	6
5357	6
5358	6
5359	6
5360	6
5361	6
5362	6
5363	6
5364	6
5365	6
5366	6
5367	6
5368	6
5369	6
5370	6
5371	6
5372	6
5373	6
5374	6
5375	6
5376	6
5377	6
5378	6
5379	6
5380	6
5381	6
5382	6
5383	6
5384	6
5385	6
5386	6
5387	6
5388	6
5389	6
5390	6
5391	6
5392	6
5393	6
5394	6
5395	6
5396	6
5397	6
5398	6
5399	6
5400	6
5401	6
5402	6
5403	6
5404	6
5405	6
5406	6
5407	6
5408	6
5409	6
5410	6
5411	6
5412	6
5413	6
5414	6
5415	6
5416	6
5417	6
5418	6
5419	6
5420	6
5421	6
5422	6
5423	6
5424	6
5425	6
5426	6
5427	6
5428	6
5429	6
5430	6
5431	6
5432	6
5433	6
5434	6
5435	6
5436	6
5437	6
5438	6
5439	6
5440	6
5441	6
5442	6
5443	6
5444	6
5445	6
5446	6
5447	6
5448	6
5449	6
5450	6
5451	6
5452	6
5453	6
5454	6
5455	6
5456	6
5457	6
5458	6
5459	6
5460	6
5461	6
5462	6
5463	6
5464	6
5465	6
5466	6
5467	6
5468	6
5469	6
5470	6
5471	6
5472	6
5473	6
5474	6
5475	6
5476	6
5477	6
5478	6
5479	6
5480	6
5481	6
5482	6
5483	6
5484	6
5485	6
5486	6
5487	6
5488	6
5489	6
5490	6
5491	6
5492	6
5493	6
5494	6
5495	6
5496	6
5497	6
5498	6
5499	6
5500	6
5501	6
5502	6
5503	6
5504	6
5505	6
5506	6
5507	6
5508	6
5509	6
5510	6
5511	6
5512	6
5513	6
5514	6
5515	6
5516	6
5517	6
5518	6
5519	6
5520	6
5521	6
5522	6
5523	6
5524	6
5525	6
5526	6
5527	6
5528	6
5529	6
5530	6
5531	6
5532	6
5533	6
5534	6
5535	6
5536	6
5537	6
5538	6
5539	6
5540	6
5541	6
5542	6
5543	6
5544	6
5545	6
5546	6
5547	6
5548	6
5549	6
5550	6
5551	6
5552	6
5553	6
5554	6
5555	6
5556	6
5557	6
5558	6
5559	6
5560	6
5561	6
5562	6
5563	6
5564	6
5565	6
5566	6
5567	6
5568	6
5569	6
5570	6
5571	6
5572	6
5573	6
5574	6
5575	6
5576	6
5577	6
5578	6
5579	6
5580	6
5581	6
5582	6
5583	6
5584	6
5585	6
5586	6
5587	6
5588	6
5589	6
5590	6
5591	6
5592	6
5593	6
5594	6
5595	6
5596	6
5597	6
5598	6
5599	6
5600	6
5601	6
5602	6
5603	6
5604	6
5605	6
5606	6
5607	6
5608	6
5609	6
5610	6
5611	6
5612	6
5613	6
5614	6
5615	6
5616	6
5617	6
5618	6
5619	6
5620	6
5621	6
5622	6
5623	6
5624	6
5625	6
5626	6
5627	6
5628	6
5629	6
5630	6
5631	6
5632	6
5633	6
5634	6
5635	6
5636	6
5637	6
5638	6
5639	6
5640	6
5641	6
5642	6
5643	6
5644	6
5645	6
5646	6
5647	6
5648	6
5649	6
5650	6
5651	6
5652	6
5653	6
5654	6
5655	6
5656	6
5657	6
5658	6
5659	6
5660	6
5661	6
5662	6
5663	6
5664	6
5665	6
5666	6
5667	6
5668	6
5669	6
5670	6
5671	6
5672	6
5673	6
5674	6
5675	6
5676	6
5677	6
5678	6
5679	6
5680	6
5681	6
5682	6
5683	6
5684	6
5685	6
5686	6
5687	6
5688	6
5689	6
5690	6
5691	6
5692	6
5693	6
5694	6
5695	6
5696	6
5697	6
5698	6
5699	6
5700	6
5701	6
5702	6
5703	6
5704	6
5705	6
5706	6
5707	6
5708	6
5709	6
5710	6
5711	6
5712	6
5713	6
5714	6
5715	6
5716	6
5717	6
5718	6
5719	6
5720	6
5721	6
5722	6
5723	6
5724	6
5725	6
5726	6
5727	6
5728	6
5729	6
5730	6
5731	6
5732	6
5733	6
5734	6
5735	6
5736	6
5737	6
5738	6
5739	6
5740	6
5741	6
5742	6
5743	6
5744	6
5745	6
5746	6
5747	6
5748	6
5749	6
5750	6
5751	6
5752	6
5753	6
5754	6
5755	6
5756	6
5757	6
5758	6
5759	6
5760	6
5761	6
5762	6
5763	6
5764	6
5765	6
5766	6
5767	6
5768	6
5769	6
5770	6
5771	6
5772	6
5773	6
5774	6
5775	6
5776	6
5777	6
5778	6
5779	6
5780	6
5781	6
5782	6
5783	6
5784	6
5785	6
5786	6
5787	6
5788	6
5789	6
5790	6
5791	6
5792	6
5793	6
5794	6
5795	6
5796	6
5797	6
5798	6
5799	6
5800	6
5801	6
5802	6
5803	6
5804	6
5805	6
5806	6
5807	6
5808	6
5809	6
5810	6
5811	6
5812	6
5813	6
5814	6
5815	6
5816	6
5817	6
5818	6
5819	6
5820	6
5821	6
5822	6
5823	6
5824	6
5825	6
5826	6
5827	6
5828	6
5829	6
5830	6
5831	6
5832	6
5833	6
5834	6
5835	6
5836	6
5837	6
5838	6
5839	6
5840	6
5841	6
5842	6
5843	6
5844	6
5845	6
5846	6
5847	6
5848	6
5849	6
5850	6
5851	6
5852	6
5853	6
5854	6
5855	6
5856	6
5857	6
5858	6
5859	6
5860	6
5861	6
5862	6
5863	6
5864	6
5865	6
5866	6
5867	6
5868	6
5869	6
5870	6
5871	6
5872	6
5873	6
5874	6
5875	6
5876	6
5877	6
5878	6
5879	6
5880	6
5881	6
5882	6
5883	6
5884	6
5885	6
5886	6
5887	6
5888	6
5889	6
5890	6
5891	6
5892	6
5893	6
5894	6
5895	6
5896	6
5897	6
5898	6
5899	6
5900	6
5901	6
5902	6
5903	6
5904	6
5905	6
5906	6
5907	6
5908	6
5909	6
5910	6
5911	6
5912	6
5913	6
5914	6
5915	6
5916	6
5917	6
5918	6
5919	6
5920	6
5921	6
5922	6
5923	6
5924	6
5925	6
5926	6
5927	6
5928	6
5929	6
5930	6
5931	6
5932	6
5933	6
5934	6
5935	6
5936	6
5937	6
5938	6
5939	6
5940	6
5941	6
5942	6
5943	6
5944	6
5945	6
5946	6
5947	6
5948	6
5949	6
5950	6
5951	6
5952	6
5953	6
5954	6
5955	6
5956	6
5957	6
5958	6
5959	6
5960	6
5961	6
5962	6
5963	6
5964	6
5965	6
5966	6
5967	6
5968	6
5969	6
5970	6
5971	6
5972	6
5973	6
5974	6
5975	6
5976	6
5977	6
5978	6
5979	6
5980	6
5981	7
5982	7
5983	7
5984	7
5985	7
5986	7
5987	7
5988	7
5989	7
5990	7
5991	7
5992	7
5993	7
5994	7
5995	7
5996	7
5997	7
5998	7
5999	7
6000	7
6001	7
6002	7
6003	7
6004	7
6005	7
6006	7
6007	7
6008	7
6009	7
6010	7
6011	7
6012	7
6013	7
6014	7
6015	7
6016	7
6017	7
6018	7
6019	7
6020	7
6021	7
6022	7
6023	7
6024	7
6025	7
6026	7
6027	7
6028	7
6029	7
6030	7
6031	7
6032	7
6033	7
6034	7
6035	7
6036	7
6037	7
6038	7
6039	7
6040	7
6041	7
6042	7
6043	7
6044	7
6045	7
6046	7
6047	7
6048	7
6049	7
6050	7
6051	7
6052	7
6053	7
6054	7
6055	7
6056	7
6057	7
6058	7
6059	7
6060	7
6061	7
6062	7
6063	7
6064	7
6065	7
6066	7
6067	7
6068	7
6069	7
6070	7
6071	7
6072	7
6073	7
6074	7
6075	7
6076	7
6077	7
6078	7
6079	7
6080	7
6081	7
6082	7
6083	7
6084	7
6085	7
6086	7
6087	7
6088	7
6089	7
6090	7
6091	7
6092	7
6093	7
6094	7
6095	7
6096	7
6097	7
6098	7
6099	7
6100	7
6101	7
6102	7
6103	7
6104	7
6105	7
6106	7
6107	7
6108	7
6109	7
6110	7
6111	7
6112	7
6113	7
6114	7
6115	7
6116	7
6117	7
6118	7
6119	7
6120	7
6121	7
6122	7
6123	7
6124	7
6125	7
6126	7
6127	7
6128	7
6129	7
6130	7
6131	7
6132	7
6133	7
6134	7
6135	7
6136	7
6137	7
6138	7
6139	7
6140	7
6141	7
6142	7
6143	7
6144	7
6145	7
6146	7
6147	7
6148	7
6149	7
6150	7
6151	7
6152	7
6153	7
6154	7
6155	7
6156	7
6157	7
6158	7
6159	7
6160	7
6161	7
6162	7
6163	7
6164	7
6165	7
6166	7
6167	7
6168	7
6169	7
6170	7
6171	7
6172	7
6173	7
6174	7
6175	7
6176	7
6177	7
6178	7
6179	7
6180	7
6181	7
6182	7
6183	7
6184	7
6185	7
6186	7
6187	7
6188	7
6189	7
6190	7
6191	7
6192	7
6193	7
6194	7
6195	7
6196	7
6197	7
6198	7
6199	7
6200	7
6201	7
6202	7
6203	7
6204	7
6205	7
6206	7
6207	7
6208	7
6209	7
6210	7
6211	7
6212	7
6213	7
6214	7
6215	7
6216	7
6217	7
6218	7
6219	7
6220	7
6221	7
6222	7
6223	7
6224	7
6225	7
6226	7
6227	7
6228	7
6229	7
6230	7
6231	7
6232	7
6233	7
6234	7
6235	7
6236	7
6237	7
6238	7
6239	7
6240	7
6241	7
6242	7
6243	7
6244	7
6245	7
6246	7
6247	7
6248	7
6249	7
6250	7
6251	7
6252	7
6253	7
6254	7
6255	7
6256	7
6257	7
6258	7
6259	7
6260	7
6261	7
6262	7
6263	7
6264	7
6265	7
6266	7
6267	7
6268	7
6269	7
6270	7
6271	7
6272	7
6273	7
6274	7
6275	7
6276	7
6277	7
6278	7
6279	7
6280	7
6281	7
6282	7
6283	7
6284	7
6285	7
6286	7
6287	7
6288	7
6289	7
6290	7
6291	7
6292	7
6293	7
6294	7
6295	7
6296	7
6297	7
6298	7
6299	7
6300	7
6301	7
6302	7
6303	7
6304	7
6305	7
6306	7
6307	7
6308	7
6309	7
6310	7
6311	7
6312	7
6313	7
6314	7
6315	7
6316	7
6317	7
6318	7
6319	7
6320	7
6321	7
6322	7
6323	7
6324	7
6325	7
6326	7
6327	7
6328	7
6329	7
6330	7
6331	7
6332	7
6333	7
6334	7
6335	7
6336	7
6337	7
6338	7
6339	7
6340	7
6341	7
6342	7
6343	7
6344	7
6345	7
6346	7
6347	7
6348	7
6349	7
6350	7
6351	7
6352	7
6353	7
6354	7
6355	7
6356	7
6357	7
6358	7
6359	7
6360	7
6361	7
6362	7
6363	7
6364	7
6365	7
6366	7
6367	7
6368	7
6369	7
6370	7
6371	7
6372	7
6373	7
6374	7
6375	7
6376	7
6377	7
6378	7
6379	7
6380	7
6381	7
6382	7
6383	7
6384	7
6385	7
6386	7
6387	7
6388	7
6389	7
6390	7
6391	7
6392	7
6393	7
6394	7
6395	7
6396	7
6397	7
6398	7
6399	7
6400	7
6401	7
6402	7
6403	7
6404	7
6405	7
6406	7
6407	7
6408	7
6409	7
6410	7
6411	7
6412	7
6413	7
6414	7
6415	7
6416	7
6417	7
6418	7
6419	7
6420	7
6421	7
6422	7
6423	7
6424	7
6425	7
6426	7
6427	7
6428	7
6429	7
6430	7
6431	7
6432	7
6433	7
6434	7
6435	7
6436	7
6437	7
6438	7
6439	7
6440	7
6441	7
6442	7
6443	7
6444	7
6445	7
6446	7
6447	7
6448	7
6449	7
6450	7
6451	7
6452	7
6453	7
6454	7
6455	7
6456	7
6457	7
6458	7
6459	7
6460	7
6461	7
6462	7
6463	7
6464	7
6465	7
6466	7
6467	7
6468	7
6469	7
6470	7
6471	7
6472	7
6473	7
6474	7
6475	7
6476	7
6477	7
6478	7
6479	7
6480	7
6481	7
6482	7
6483	7
6484	7
6485	7
6486	7
6487	7
6488	7
6489	7
6490	7
6491	7
6492	7
6493	7
6494	7
6495	7
6496	7
6497	7
6498	7
6499	7
6500	7
6501	7
6502	7
6503	7
6504	7
6505	7
6506	7
6507	7
6508	7
6509	7
6510	7
6511	7
6512	7
6513	7
6514	7
6515	7
6516	7
6517	7
6518	7
6519	7
6520	7
6521	7
6522	7
6523	7
6524	7
6525	7
6526	7
6527	7
6528	7
6529	7
6530	7
6531	7
6532	7
6533	7
6534	7
6535	7
6536	7
6537	7
6538	7
6539	7
6540	7
6541	7
6542	7
6543	7
6544	7
6545	7
6546	7
6547	7
6548	7
6549	7
6550	7
6551	7
6552	7
6553	7
6554	7
6555	7
6556	7
6557	7
6558	7
6559	7
6560	7
6561	7
6562	7
6563	7
6564	7
6565	7
6566	7
6567	7
6568	7
6569	7
6570	7
6571	7
6572	7
6573	7
6574	7
6575	7
6576	7
6577	7
6578	7
6579	7
6580	7
6581	7
6582	7
6583	7
6584	7
6585	7
6586	7
6587	7
6588	7
6589	7
6590	7
6591	7
6592	7
6593	7
6594	7
6595	7
6596	7
6597	7
6598	7
6599	7
6600	7
6601	7
6602	7
6603	7
6604	7
6605	7
6606	7
6607	7
6608	7
6609	7
6610	7
6611	7
6612	7
6613	7
6614	7
6615	7
6616	7
6617	7
6618	7
6619	7
6620	7
6621	7
6622	7
6623	7
6624	7
6625	7
6626	7
6627	7
6628	7
6629	7
6630	7
6631	7
6632	7
6633	7
6634	7
6635	7
6636	7
6637	7
6638	7
6639	7
6640	7
6641	7
6642	7
6643	7
6644	7
6645	7
6646	7
6647	7
6648	7
6649	7
6650	7
6651	7
6652	7
6653	7
6654	7
6655	7
6656	7
6657	7
6658	7
6659	7
6660	7
6661	7
6662	7
6663	7
6664	7
6665	7
6666	7
6667	7
6668	7
6669	7
6670	7
6671	7
6672	7
6673	7
6674	7
6675	7
6676	7
6677	7
6678	7
6679	7
6680	7
6681	7
6682	7
6683	7
6684	7
6685	7
6686	7
6687	7
6688	7
6689	7
6690	7
6691	7
6692	7
6693	7
6694	7
6695	7
6696	7
6697	7
6698	7
6699	7
6700	7
6701	7
6702	7
6703	7
6704	7
6705	7
6706	7
6707	7
6708	7
6709	7
6710	7
6711	7
6712	7
6713	7
6714	7
6715	7
6716	7
6717	7
6718	7
6719	7
6720	7
6721	7
6722	7
6723	7
6724	7
6725	7
6726	7
6727	7
6728	7
6729	7
6730	7
6731	7
6732	7
6733	7
6734	7
6735	7
6736	7
6737	7
6738	7
6739	7
6740	7
6741	7
6742	7
6743	7
6744	7
6745	7
6746	7
6747	7
6748	7
6749	7
6750	7
6751	7
6752	7
6753	7
6754	7
6755	7
6756	7
6757	7
6758	7
6759	7
6760	7
6761	8
6762	8
6763	8
6764	8
6765	8
6766	8
6767	8
6768	8
6769	8
6770	8
6771	8
6772	8
6773	8
6774	8
6775	8
6776	8
6777	8
6778	8
6779	8
6780	8
6781	8
6782	8
6783	8
6784	8
6785	8
6786	8
6787	8
6788	8
6789	8
6790	8
6791	8
6792	8
6793	8
6794	8
6795	8
6796	8
6797	8
6798	8
6799	8
6800	8
6801	8
6802	8
6803	8
6804	8
6805	8
6806	8
6807	8
6808	8
6809	8
6810	8
6811	8
6812	8
6813	8
6814	8
6815	8
6816	8
6817	8
6818	8
6819	8
6820	8
6821	8
6822	8
6823	8
6824	8
6825	8
6826	8
6827	8
6828	8
6829	8
6830	8
6831	8
6832	8
6833	8
6834	8
6835	8
6836	8
6837	8
6838	8
6839	8
6840	8
6841	8
6842	8
6843	8
6844	8
6845	8
6846	8
6847	8
6848	8
6849	8
6850	8
6851	8
6852	8
6853	8
6854	8
6855	8
6856	8
6857	8
6858	8
6859	8
6860	8
6861	8
6862	8
6863	8
6864	8
6865	8
6866	8
6867	8
6868	8
6869	8
6870	8
6871	8
6872	8
6873	8
6874	8
6875	8
6876	8
6877	8
6878	8
6879	8
6880	8
6881	8
6882	8
6883	8
6884	8
6885	8
6886	8
6887	8
6888	8
6889	8
6890	8
6891	8
6892	8
6893	8
6894	8
6895	8
6896	8
6897	8
6898	8
6899	8
6900	8
6901	8
6902	8
6903	8
6904	8
6905	8
6906	8
6907	8
6908	8
6909	8
6910	8
6911	8
6912	8
6913	8
6914	8
6915	8
6916	8
6917	8
6918	8
6919	8
6920	8
6921	8
6922	8
6923	8
6924	8
6925	8
6926	8
6927	8
6928	8
6929	8
6930	8
6931	8
6932	8
6933	8
6934	8
6935	8
6936	8
6937	8
6938	8
6939	8
6940	8
6941	8
6942	8
6943	8
6944	8
6945	8
6946	8
6947	8
6948	8
6949	8
6950	8
6951	8
6952	8
6953	8
6954	8
6955	8
6956	8
6957	8
6958	8
6959	8
6960	8
6961	8
6962	8
6963	8
6964	8
6965	8
6966	8
6967	8
6968	8
6969	8
6970	8
6971	8
6972	8
6973	8
6974	8
6975	8
6976	8
6977	8
6978	8
6979	8
6980	8
6981	8
6982	8
6983	8
6984	8
6985	8
6986	8
6987	8
6988	8
6989	8
6990	8
6991	8
6992	8
6993	8
6994	8
6995	8
6996	8
6997	8
6998	8
6999	8
7000	8
7001	8
7002	8
7003	8
7004	8
7005	8
7006	8
7007	8
7008	8
7009	8
7010	8
7011	8
7012	8
7013	8
7014	8
7015	8
7016	8
7017	8
7018	8
7019	8
7020	8
7021	8
7022	8
7023	8
7024	8
7025	8
7026	8
7027	8
7028	8
7029	8
7030	8
7031	8
7032	8
7033	8
7034	8
7035	8
7036	8
7037	8
7038	8
7039	8
7040	8
7041	8
7042	8
7043	8
7044	8
7045	8
7046	8
7047	8
7048	8
7049	8
7050	8
7051	8
7052	8
7053	8
7054	8
7055	8
7056	8
7057	8
7058	8
7059	8
7060	8
7061	8
7062	8
7063	8
7064	8
7065	8
7066	8
7067	8
7068	8
7069	8
7070	8
7071	8
7072	8
7073	8
7074	8
7075	8
7076	8
7077	8
7078	8
7079	8
7080	8
7081	8
7082	8
7083	8
7084	8
7085	8
7086	8
7087	8
7088	8
7089	8
7090	8
7091	8
7092	8
7093	8
7094	8
7095	8
7096	8
7097	8
7098	8
7099	8
7100	8
7101	8
7102	8
7103	8
7104	8
7105	8
7106	8
7107	8
7108	8
7109	8
7110	8
7111	8
7112	8
7113	8
7114	8
7115	8
7116	8
7117	8
7118	8
7119	8
7120	8
7121	8
7122	8
7123	8
7124	8
7125	8
7126	8
7127	8
7128	8
7129	8
7130	8
7131	8
7132	8
7133	8
7134	8
7135	8
7136	8
7137	8
7138	8
7139	8
7140	8
7141	8
7142	8
7143	8
7144	8
7145	8
7146	8
7147	8
7148	8
7149	8
7150	8
7151	8
7152	8
7153	8
7154	8
7155	8
7156	8
7157	8
7158	8
7159	8
7160	8
7161	8
7162	8
7163	8
7164	8
7165	8
7166	8
7167	8
7168	8
7169	8
7170	8
7171	8
7172	8
7173	8
7174	8
7175	8
7176	8
7177	8
7178	8
7179	8
7180	8
7181	8
7182	8
7183	8
7184	8
7185	8
7186	8
7187	8
7188	8
7189	8
7190	8
7191	8
7192	8
7193	8
7194	8
7195	8
7196	8
7197	8
7198	8
7199	8
7200	8
7201	8
7202	8
7203	8
7204	8
7205	8
7206	8
7207	8
7208	8
7209	8
7210	8
7211	8
7212	8
7213	8
7214	8
7215	8
7216	8
7217	8
7218	8
7219	8
7220	8
7221	8
7222	8
7223	8
7224	8
7225	8
7226	8
7227	8
7228	8
7229	8
7230	8
7231	8
7232	8
7233	8
7234	8
7235	8
7236	8
7237	8
7238	8
7239	8
7240	8
7241	8
7242	8
7243	8
7244	8
7245	8
7246	8
7247	8
7248	8
7249	8
7250	8
7251	8
7252	8
7253	8
7254	8
7255	8
7256	8
7257	8
7258	8
7259	8
7260	8
7261	8
7262	8
7263	8
7264	8
7265	8
7266	8
7267	8
7268	8
7269	8
7270	8
7271	8
7272	8
7273	8
7274	8
7275	8
7276	8
7277	8
7278	8
7279	8
7280	8
7281	8
7282	8
7283	8
7284	8
7285	8
7286	8
7287	8
7288	8
7289	8
7290	8
7291	8
7292	8
7293	8
7294	8
7295	8
7296	8
7297	8
7298	8
7299	8
7300	8
7301	8
7302	8
7303	8
7304	8
7305	8
7306	8
7307	8
7308	8
7309	8
7310	8
7311	8
7312	8
7313	8
7314	8
7315	8
7316	8
7317	8
7318	8
7319	8
7320	8
7321	8
7322	8
7323	8
7324	8
7325	8
7326	8
7327	8
7328	8
7329	8
7330	8
7331	8
7332	8
7333	8
7334	8
7335	8
7336	8
7337	8
7338	8
7339	8
7340	8
7341	8
7342	8
7343	8
7344	8
7345	8
7346	8
7347	8
7348	8
7349	8
7350	8
7351	8
7352	8
7353	8
7354	8
7355	8
7356	8
7357	8
7358	8
7359	8
7360	8
7361	8
7362	8
7363	8
7364	8
7365	8
7366	8
7367	8
7368	8
7369	8
7370	8
7371	8
7372	8
7373	8
7374	8
7375	8
7376	8
7377	8
7378	8
7379	8
7380	8
7381	8
7382	8
7383	8
7384	8
7385	9
7386	9
7387	9
7388	9
7389	9
7390	9
7391	9
7392	9
7393	9
7394	9
7395	9
7396	9
7397	9
7398	9
7399	9
7400	9
7401	9
7402	9
7403	9
7404	9
7405	9
7406	9
7407	9
7408	9
7409	9
7410	9
7411	9
7412	9
7413	9
7414	9
7415	9
7416	9
7417	9
7418	9
7419	9
7420	9
7421	9
7422	9
7423	9
7424	9
7425	9
7426	9
7427	9
7428	9
7429	9
7430	9
7431	9
7432	9
7433	9
7434	9
7435	9
7436	9
7437	9
7438	9
7439	9
7440	9
7441	9
7442	9
7443	9
7444	9
7445	9
7446	9
7447	9
7448	9
7449	9
7450	9
7451	9
7452	9
7453	9
7454	9
7455	9
7456	9
7457	9
7458	9
7459	9
7460	9
7461	9
7462	9
7463	9
7464	9
7465	9
7466	9
7467	9
7468	9
7469	9
7470	9
7471	9
7472	9
7473	9
7474	9
7475	9
7476	9
7477	9
7478	9
7479	9
7480	9
7481	9
7482	9
7483	9
7484	9
7485	9
7486	9
7487	9
7488	9
7489	9
7490	9
7491	9
7492	9
7493	9
7494	9
7495	9
7496	9
7497	9
7498	9
7499	9
7500	9
7501	9
7502	9
7503	9
7504	9
7505	9
7506	9
7507	9
7508	9
7509	9
7510	9
7511	9
7512	9
7513	9
7514	9
7515	9
7516	9
7517	9
7518	9
7519	9
7520	9
7521	9
7522	9
7523	9
7524	9
7525	9
7526	9
7527	9
7528	9
7529	9
7530	9
7531	9
7532	9
7533	9
7534	9
7535	9
7536	9
7537	9
7538	9
7539	9
7540	9
7541	9
7542	9
7543	9
7544	9
7545	9
7546	9
7547	9
7548	9
7549	9
7550	9
7551	9
7552	9
7553	9
7554	9
7555	9
7556	9
7557	9
7558	9
7559	9
7560	9
7561	9
7562	9
7563	9
7564	9
7565	9
7566	9
7567	9
7568	9
7569	9
7570	9
7571	9
7572	9
7573	9
7574	9
7575	9
7576	9
7577	9
7578	9
7579	9
7580	9
7581	9
7582	9
7583	9
7584	9
7585	9
7586	9
7587	9
7588	9
7589	9
7590	9
7591	9
7592	9
7593	9
7594	9
7595	9
7596	9
7597	9
7598	9
7599	9
7600	9
7601	9
7602	9
7603	9
7604	9
7605	9
7606	9
7607	9
7608	9
7609	9
7610	9
7611	9
7612	9
7613	9
7614	9
7615	9
7616	9
7617	9
7618	9
7619	9
7620	9
7621	9
7622	9
7623	9
7624	9
7625	9
7626	9
7627	9
7628	9
7629	9
7630	9
7631	9
7632	9
7633	9
7634	9
7635	9
7636	9
7637	9
7638	9
7639	9
7640	9
7641	9
7642	9
7643	9
7644	9
7645	9
7646	9
7647	9
7648	9
7649	9
7650	9
7651	9
7652	9
7653	9
7654	9
7655	9
7656	9
7657	9
7658	9
7659	9
7660	9
7661	9
7662	9
7663	9
7664	9
7665	9
7666	9
7667	9
7668	9
7669	9
7670	9
7671	9
7672	9
7673	9
7674	9
7675	9
7676	9
7677	9
7678	9
7679	9
7680	9
7681	9
7682	9
7683	9
7684	9
7685	9
7686	9
7687	9
7688	9
7689	9
7690	9
7691	9
7692	9
7693	9
7694	9
7695	9
7696	9
7697	9
7698	9
7699	9
7700	9
7701	9
7702	9
7703	9
7704	9
7705	9
7706	9
7707	9
7708	9
7709	9
7710	9
7711	9
7712	9
7713	9
7714	9
7715	9
7716	9
7717	9
7718	9
7719	9
7720	9
7721	9
7722	9
7723	9
7724	9
7725	9
7726	9
7727	9
7728	9
7729	9
7730	9
7731	9
7732	9
7733	9
7734	9
7735	9
7736	9
7737	9
7738	9
7739	9
7740	9
7741	9
7742	9
7743	9
7744	9
7745	9
7746	9
7747	9
7748	9
7749	9
7750	9
7751	9
7752	9
7753	9
7754	9
7755	9
7756	9
7757	9
7758	9
7759	9
7760	9
7761	9
7762	9
7763	9
7764	9
7765	9
7766	9
7767	9
7768	9
7769	9
7770	9
7771	9
7772	9
7773	9
7774	9
7775	9
7776	9
7777	9
7778	9
7779	9
7780	9
7781	9
7782	9
7783	9
7784	9
7785	9
7786	9
7787	9
7788	9
7789	9
7790	9
7791	9
7792	9
7793	9
7794	9
7795	9
7796	9
7797	9
7798	9
7799	9
7800	9
7801	9
7802	9
7803	9
7804	9
7805	9
7806	9
7807	9
7808	9
7809	9
7810	9
7811	9
7812	9
7813	9
7814	9
7815	9
7816	9
7817	9
7818	9
7819	9
7820	9
7821	9
7822	9
7823	9
7824	9
7825	9
7826	9
7827	9
7828	9
7829	9
7830	9
7831	9
7832	9
7833	9
7834	9
7835	9
7836	9
7837	9
7838	9
7839	9
7840	9
7841	9
7842	9
7843	9
7844	9
7845	9
7846	9
7847	9
7848	9
7849	9
7850	9
7851	9
7852	9
7853	9
7854	9
7855	9
7856	9
7857	9
7858	9
7859	9
7860	9
7861	9
7862	9
7863	9
7864	9
7865	9
7866	9
7867	9
7868	9
7869	9
7870	9
7871	9
7872	9
7873	9
7874	9
7875	9
7876	9
7877	9
7878	9
7879	9
7880	9
7881	9
7882	9
7883	9
7884	9
7885	9
7886	9
7887	9
7888	9
7889	9
7890	9
7891	9
7892	9
7893	9
7894	9
7895	9
7896	10
7897	10
7898	10
7899	10
7900	10
7901	10
7902	10
7903	10
7904	10
7905	10
7906	10
7907	10
7908	10
7909	10
7910	10
7911	10
7912	10
7913	10
7914	10
7915	10
7916	10
7917	10
7918	10
7919	10
7920	10
7921	10
7922	10
7923	10
7924	10
7925	10
7926	10
7927	10
7928	10
7929	10
7930	10
7931	10
7932	10
7933	10
7934	10
7935	10
7936	10
7937	10
7938	10
7939	10
7940	10
7941	10
7942	10
7943	10
7944	10
7945	10
7946	10
7947	10
7948	10
7949	10
7950	10
7951	10
7952	10
7953	10
7954	10
7955	10
7956	10
7957	10
7958	10
7959	10
7960	10
7961	10
7962	10
7963	10
7964	10
7965	10
7966	10
7967	10
7968	10
7969	10
7970	10
7971	10
7972	10
7973	10
7974	10
7975	10
7976	10
7977	10
7978	10
7979	10
7980	10
7981	10
7982	10
7983	10
7984	10
7985	10
7986	10
7987	10
7988	10
7989	10
7990	10
7991	10
7992	10
7993	10
7994	10
7995	10
7996	10
7997	10
7998	10
7999	10
8000	10
8001	10
8002	10
8003	10
8004	10
8005	10
8006	10
8007	10
8008	10
8009	10
8010	10
8011	10
8012	10
8013	10
8014	10
8015	10
8016	10
8017	10
8018	10
8019	10
8020	10
8021	10
8022	10
8023	10
8024	10
8025	10
8026	10
8027	10
8028	10
8029	10
8030	10
8031	10
8032	10
8033	10
8034	10
8035	10
8036	10
8037	10
8038	10
8039	10
8040	10
8041	10
8042	10
8043	10
8044	10
8045	10
8046	10
8047	10
8048	10
8049	10
8050	10
8051	10
8052	10
8053	10
8054	10
8055	10
8056	10
8057	10
8058	10
8059	10
8060	10
8061	10
8062	10
8063	10
8064	10
8065	10
8066	10
8067	10
8068	10
8069	10
8070	10
8071	10
8072	10
8073	10
8074	10
8075	10
8076	10
8077	10
8078	10
8079	10
8080	10
8081	10
8082	10
8083	10
8084	10
8085	10
8086	10
8087	10
8088	10
8089	10
8090	10
8091	10
8092	10
8093	10
8094	10
8095	10
8096	10
8097	10
8098	10
8099	10
8100	10
8101	10
8102	10
8103	10
8104	10
8105	10
8106	10
8107	10
8108	10
8109	10
8110	10
8111	10
8112	10
8113	10
8114	10
8115	10
8116	10
8117	10
8118	10
8119	10
8120	10
8121	10
8122	10
8123	10
8124	10
8125	10
8126	10
8127	10
8128	10
8129	10
8130	10
8131	10
8132	10
8133	10
8134	10
8135	10
8136	10
8137	10
8138	10
8139	10
8140	10
8141	10
8142	10
8143	10
8144	10
8145	10
8146	10
8147	10
8148	10
8149	10
8150	10
8151	10
8152	10
8153	10
8154	10
8155	10
8156	10
8157	10
8158	10
8159	10
8160	10
8161	10
8162	10
8163	10
8164	10
8165	10
8166	10
8167	10
8168	10
8169	10
8170	10
8171	10
8172	10
8173	10
8174	10
8175	10
8176	10
8177	10
8178	10
8179	10
8180	10
8181	10
8182	10
8183	10
8184	10
8185	10
8186	10
8187	10
8188	10
8189	10
8190	10
8191	10
8192	10
8193	10
8194	10
8195	10
8196	10
8197	10
8198	10
8199	10
8200	10
8201	10
8202	10
8203	10
8204	10
8205	10
8206	10
8207	10
8208	10
8209	10
8210	10
8211	10
8212	10
8213	10
8214	10
8215	10
8216	10
8217	10
8218	10
8219	10
8220	10
8221	10
8222	10
8223	10
8224	10
8225	10
8226	10
8227	10
8228	10
8229	10
8230	10
8231	10
8232	10
8233	10
8234	10
8235	10
8236	10
8237	10
8238	10
8239	10
8240	10
8241	10
8242	10
8243	10
8244	10
8245	10
8246	10
8247	10
8248	10
8249	10
8250	10
8251	10
8252	10
8253	10
8254	10
8255	10
8256	10
8257	10
8258	10
8259	10
8260	10
8261	10
8262	10
8263	10
8264	10
8265	10
8266	10
8267	10
8268	10
8269	10
8270	10
8271	10
8272	10
8273	10
8274	10
8275	10
8276	10
8277	10
8278	10
8279	10
8280	10
8281	10
8282	10
8283	10
8284	10
8285	10
8286	10
8287	10
8288	10
8289	10
8290	10
8291	10
8292	10
8293	10
8294	10
8295	10
8296	10
8297	10
8298	10
8299	10
8300	10
8301	10
8302	10
8303	10
8304	10
8305	10
8306	10
8307	10
8308	10
8309	10
8310	10
8311	10
8312	10
8313	10
8314	10
8315	10
8316	10
8317	10
8318	10
8319	10
8320	10
8321	10
8322	10
8323	10
8324	10
8325	10
8326	10
8327	10
8328	10
8329	10
8330	10
8331	10
8332	10
8333	10
8334	10
8335	10
8336	10
8337	10
8338	10
8339	10
8340	10
8341	10
8342	10
8343	11
8344	11
8345	11
8346	11
8347	11
8348	11
8349	11
8350	11
8351	11
8352	11
8353	11
8354	11
8355	11
8356	11
8357	11
8358	11
8359	11
8360	11
8361	11
8362	11
8363	11
8364	11
8365	11
8366	11
8367	11
8368	11
8369	11
8370	11
8371	11
8372	11
8373	11
8374	11
8375	11
8376	11
8377	11
8378	11
8379	11
8380	11
8381	11
8382	11
8383	11
8384	11
8385	11
8386	11
8387	11
8388	11
8389	11
8390	11
8391	11
8392	11
8393	11
8394	11
8395	11
8396	11
8397	11
8398	11
8399	11
8400	11
8401	11
8402	11
8403	11
8404	11
8405	11
8406	11
8407	11
8408	11
8409	11
8410	11
8411	11
8412	11
8413	11
8414	11
8415	11
8416	11
8417	11
8418	11
8419	11
8420	11
8421	11
8422	11
8423	11
8424	11
8425	11
8426	11
8427	11
8428	11
8429	11
8430	11
8431	11
8432	11
8433	11
8434	11
8435	11
8436	11
8437	11
8438	11
8439	11
8440	11
8441	11
8442	11
8443	11
8444	11
8445	11
8446	11
8447	11
8448	11
8449	11
8450	11
8451	11
8452	11
8453	11
8454	11
8455	11
8456	11
8457	11
8458	11
8459	11
8460	11
8461	11
8462	11
8463	11
8464	11
8465	11
8466	11
8467	11
8468	11
8469	11
8470	11
8471	11
8472	11
8473	11
8474	11
8475	11
8476	11
8477	11
8478	11
8479	11
8480	11
8481	11
8482	11
8483	11
8484	11
8485	11
8486	11
8487	11
8488	11
8489	11
8490	11
8491	11
8492	11
8493	11
8494	11
8495	11
8496	11
8497	11
8498	11
8499	11
8500	11
8501	11
8502	11
8503	11
8504	11
8505	11
8506	11
8507	11
8508	11
8509	11
8510	11
8511	11
8512	11
8513	11
8514	11
8515	11
8516	11
8517	11
8518	11
8519	11
8520	11
8521	11
8522	11
8523	11
8524	11
8525	11
8526	11
8527	11
8528	11
8529	11
8530	11
8531	11
8532	11
8533	11
8534	11
8535	11
8536	11
8537	11
8538	11
8539	11
8540	11
8541	11
8542	11
8543	11
8544	11
8545	11
8546	11
8547	11
8548	11
8549	11
8550	11
8551	11
8552	11
8553	11
8554	11
8555	11
8556	11
8557	11
8558	11
8559	11
8560	11
8561	11
8562	11
8563	11
8564	11
8565	11
8566	11
8567	11
8568	11
8569	11
8570	11
8571	11
8572	11
8573	11
8574	11
8575	11
8576	11
8577	11
8578	11
8579	11
8580	11
8581	11
8582	11
8583	11
8584	11
8585	11
8586	11
8587	11
8588	11
8589	11
8590	11
8591	11
8592	11
8593	11
8594	11
8595	11
8596	11
8597	11
8598	11
8599	11
8600	11
8601	11
8602	11
8603	11
8604	11
8605	11
8606	11
8607	11
8608	11
8609	11
8610	11
8611	11
8612	11
8613	11
8614	11
8615	11
8616	11
8617	11
8618	11
8619	11
8620	11
8621	11
8622	11
8623	11
8624	11
8625	11
8626	11
8627	11
8628	11
8629	11
8630	11
8631	11
8632	11
8633	11
8634	11
8635	11
8636	11
8637	11
8638	11
8639	11
8640	11
8641	11
8642	11
8643	11
8644	11
8645	11
8646	11
8647	11
8648	11
8649	11
8650	11
8651	11
8652	11
8653	11
8654	11
8655	11
8656	11
8657	11
8658	11
8659	11
8660	11
8661	11
8662	11
8663	11
8664	11
8665	11
8666	11
8667	11
8668	11
8669	11
8670	11
8671	11
8672	11
8673	11
8674	11
8675	11
8676	11
8677	11
8678	11
8679	11
8680	11
8681	11
8682	12
8683	12
8684	12
8685	12
8686	12
8687	12
8688	12
8689	12
8690	12
8691	12
8692	12
8693	12
8694	12
8695	12
8696	12
8697	12
8698	12
8699	12
8700	12
8701	12
8702	12
8703	12
8704	12
8705	12
8706	12
8707	12
8708	12
8709	12
8710	12
8711	12
8712	12
8713	12
8714	12
8715	12
8716	12
8717	12
8718	12
8719	12
8720	12
8721	12
8722	12
8723	12
8724	12
8725	12
8726	12
8727	12
8728	12
8729	12
8730	12
8731	12
8732	12
8733	12
8734	12
8735	12
8736	12
8737	12
8738	12
8739	12
8740	12
8741	12
8742	12
8743	12
8744	12
8745	12
8746	12
8747	12
8748	12
8749	12
8750	12
8751	12
8752	12
8753	12
8754	12
8755	12
8756	12
8757	12
8758	12
8759	12
8760	12
8761	12
8762	12
8763	12
8764	12
8765	12
8766	12
8767	12
8768	12
8769	12
8770	12
8771	12
8772	12
8773	12
8774	12
8775	12
8776	12
8777	12
8778	12
8779	12
8780	12
8781	12
8782	12
8783	12
8784	12
8785	12
8786	12
8787	12
8788	12
8789	12
8790	12
8791	12
8792	12
8793	12
8794	12
8795	12
8796	12
8797	12
8798	12
8799	12
8800	12
8801	12
8802	12
8803	12
8804	12
8805	12
8806	12
8807	12
8808	12
8809	12
8810	12
8811	12
8812	12
8813	12
8814	12
8815	12
8816	12
8817	12
8818	12
8819	12
8820	12
8821	12
8822	12
8823	12
8824	12
8825	12
8826	12
8827	12
8828	12
8829	12
8830	12
8831	12
8832	12
8833	12
8834	12
8835	12
8836	12
8837	12
8838	12
8839	12
8840	12
8841	12
8842	12
8843	12
8844	12
8845	12
8846	12
8847	12
8848	12
8849	12
8850	12
8851	12
8852	12
8853	12
8854	12
8855	12
8856	12
8857	12
8858	12
8859	12
8860	12
8861	12
8862	12
8863	12
8864	12
8865	12
8866	12
8867	12
8868	12
8869	12
8870	12
8871	12
8872	12
8873	12
8874	12
8875	12
8876	12
8877	12
8878	12
8879	12
8880	12
8881	12
8882	12
8883	12
8884	12
8885	12
8886	12
8887	12
8888	12
8889	12
8890	12
8891	12
8892	12
8893	12
8894	12
8895	12
8896	12
8897	12
8898	12
8899	12
8900	12
8901	12
8902	12
8903	12
8904	12
8905	12
8906	12
8907	12
8908	12
8909	12
8910	12
8911	12
8912	12
8913	12
8914	12
8915	12
8916	12
8917	12
8918	12
8919	12
8920	12
8921	12
8922	13
8923	13
8924	13
8925	13
8926	13
8927	13
8928	13
8929	13
8930	13
8931	13
8932	13
8933	13
8934	13
8935	13
8936	13
8937	13
8938	13
8939	13
8940	13
8941	13
8942	13
8943	13
8944	13
8945	13
8946	13
8947	13
8948	13
8949	13
8950	13
8951	13
8952	13
8953	13
8954	13
8955	13
8956	13
8957	13
8958	13
8959	13
8960	13
8961	13
8962	13
8963	13
8964	13
8965	13
8966	13
8967	13
8968	13
8969	13
8970	13
8971	13
8972	13
8973	13
8974	13
8975	13
8976	13
8977	13
8978	13
8979	13
8980	13
8981	13
8982	13
8983	13
8984	13
8985	13
8986	13
8987	13
8988	13
8989	13
8990	13
8991	13
8992	13
8993	13
8994	13
8995	13
8996	13
8997	13
8998	13
8999	13
9000	13
9001	13
9002	13
9003	13
9004	13
9005	13
9006	13
9007	13
9008	13
9009	13
9010	13
9011	13
9012	13
9013	13
9014	13
9015	13
9016	13
9017	13
9018	13
9019	13
9020	13
9021	13
9022	13
9023	13
9024	13
9025	13
9026	13
9027	13
9028	13
9029	13
9030	13
9031	13
9032	13
9033	13
9034	13
9035	13
9036	13
9037	13
9038	13
9039	13
9040	13
9041	13
9042	13
9043	13
9044	13
9045	13
9046	13
9047	13
9048	13
9049	13
9050	13
9051	13
9052	13
9053	13
9054	13
9055	13
9056	13
9057	13
9058	13
9059	13
9060	13
9061	13
9062	13
9063	13
9064	13
9065	13
9066	13
9067	13
9068	13
9069	13
9070	13
9071	13
9072	13
9073	13
9074	13
9075	13
9076	13
9077	13
9078	13
9079	13
9080	13
9081	13
9082	13
9083	13
9084	13
9085	13
9086	13
9087	13
9088	13
9089	13
9090	13
9091	13
9092	13
9093	13
9094	13
9095	13
9096	13
9097	13
9098	13
9099	13
9100	13
9101	13
9102	13
9103	13
9104	13
9105	13
9106	13
9107	13
9108	14
9109	14
9110	14
9111	14
9112	14
9113	14
9114	14
9115	14
9116	14
9117	14
9118	14
9119	14
9120	14
9121	14
9122	14
9123	14
9124	14
9125	14
9126	14
9127	14
9128	14
9129	14
9130	14
9131	14
9132	14
9133	14
9134	14
9135	14
9136	14
9137	14
9138	14
9139	14
9140	14
9141	14
9142	14
9143	14
9144	14
9145	14
9146	14
9147	14
9148	14
9149	14
9150	14
9151	14
9152	14
9153	14
9154	14
9155	14
9156	14
9157	14
9158	14
9159	14
9160	14
9161	14
9162	14
9163	14
9164	14
9165	14
9166	14
9167	14
9168	14
9169	14
9170	14
9171	14
9172	14
9173	14
9174	14
9175	14
9176	14
9177	14
9178	14
9179	14
9180	14
9181	14
9182	14
9183	14
9184	14
9185	14
9186	14
9187	14
9188	14
9189	14
9190	14
9191	14
9192	14
9193	14
9194	14
9195	14
9196	14
9197	14
9198	14
9199	14
9200	14
9201	14
9202	14
9203	14
9204	14
9205	14
9206	14
9207	14
9208	14
9209	14
9210	14
9211	14
9212	14
9213	14
9214	14
9215	14
9216	14
9217	14
9218	14
9219	14
9220	14
9221	14
9222	14
9223	14
9224	14
9225	14
9226	14
9227	14
9228	14
9229	14
9230	14
9231	14
9232	14
9233	14
9234	14
9235	14
9236	14
9237	14
9238	14
9239	14
9240	14
9241	14
9242	14
9243	14
9244	14
9245	14
9246	14
9247	14
9248	14
9249	14
9250	14
9251	14
9252	14
9253	14
9254	14
9255	14
9256	14
9257	14
9258	14
9259	14
9260	14
9261	14
9262	14
9263	14
9264	14
9265	14
9266	14
9267	14
9268	14
9269	14
9270	14
9271	14
9272	14
9273	14
9274	14
9275	14
9276	14
9277	14
9278	14
9279	14
9280	14
9281	14
9282	14
9283	14
9284	14
9285	14
9286	14
9287	14
9288	14
9289	15
9290	15
9291	15
9292	15
9293	15
9294	15
9295	15
9296	15
9297	15
9298	15
9299	15
9300	15
9301	15
9302	15
9303	15
9304	15
9305	15
9306	15
9307	15
9308	15
9309	15
9310	15
9311	15
9312	15
9313	15
9314	15
9315	15
9316	15
9317	15
9318	15
9319	15
9320	15
9321	15
9322	15
9323	15
9324	15
9325	15
9326	15
9327	15
9328	15
9329	15
9330	15
9331	15
9332	15
9333	15
9334	15
9335	15
9336	15
9337	15
9338	15
9339	15
9340	15
9341	15
9342	15
9343	15
9344	15
9345	15
9346	15
9347	15
9348	15
9349	15
9350	15
9351	15
9352	15
9353	15
9354	15
9355	15
9356	15
9357	15
9358	15
9359	15
9360	15
9361	15
9362	15
9363	15
9364	15
9365	15
9366	15
9367	15
9368	15
9369	15
9370	15
9371	15
9372	15
9373	15
9374	15
9375	15
9376	15
9377	15
9378	15
9379	15
9380	15
9381	15
9382	15
9383	15
9384	15
9385	15
9386	15
9387	15
9388	15
9389	15
9390	15
9391	15
9392	15
9393	15
9394	15
9395	15
9396	15
9397	15
9398	15
9399	15
9400	15
9401	15
9402	15
9403	15
9404	15
9405	15
9406	15
9407	15
9408	15
9409	15
9410	15
9411	15
9412	15
9413	15
9414	15
9415	15
9416	15
9417	15
9418	15
9419	15
9420	15
9421	15
9422	15
9423	15
9424	15
9425	15
9426	15
9427	15
9428	15
9429	15
9430	15
9431	15
9432	15
9433	15
9434	15
9435	15
9436	15
9437	15
9438	16
9439	16
9440	16
9441	16
9442	16
9443	16
9444	16
9445	16
9446	16
9447	16
9448	16
9449	16
9450	16
9451	16
9452	16
9453	16
9454	16
9455	16
9456	16
9457	16
9458	16
9459	16
9460	16
9461	16
9462	16
9463	16
9464	16
9465	16
9466	16
9467	16
9468	16
9469	16
9470	16
9471	16
9472	16
9473	16
9474	16
9475	16
9476	16
9477	16
9478	16
9479	16
9480	16
9481	16
9482	16
9483	16
9484	16
9485	16
9486	16
9487	16
9488	16
9489	16
9490	16
9491	16
9492	16
9493	16
9494	16
9495	16
9496	16
9497	16
9498	16
9499	16
9500	16
9501	16
9502	16
9503	16
9504	16
9505	16
9506	16
9507	16
9508	16
9509	16
9510	16
9511	16
9512	16
9513	16
9514	16
9515	16
9516	16
9517	16
9518	16
9519	16
9520	16
9521	16
9522	16
9523	16
9524	16
9525	16
9526	16
9527	16
9528	16
9529	16
9530	16
9531	16
9532	16
9533	16
9534	16
9535	16
9536	16
9537	16
9538	16
9539	16
9540	16
9541	16
9542	16
9543	16
9544	16
9545	16
9546	16
9547	16
9548	16
9549	16
9550	16
9551	16
9552	16
9553	16
9554	16
9555	16
9556	16
9557	16
9558	16
9559	16
9560	16
9561	16
9562	16
9563	16
9564	16
9565	17
9566	17
9567	17
9568	17
9569	17
9570	17
9571	17
9572	17
9573	17
9574	17
9575	17
9576	17
9577	17
9578	17
9579	17
9580	17
9581	17
9582	17
9583	17
9584	17
9585	17
9586	17
9587	17
9588	17
9589	17
9590	17
9591	17
9592	17
9593	17
9594	17
9595	17
9596	17
9597	17
9598	17
9599	17
9600	17
9601	17
9602	17
9603	17
9604	17
9605	17
9606	17
9607	17
9608	17
9609	17
9610	17
9611	17
9612	17
9613	17
9614	17
9615	17
9616	17
9617	17
9618	17
9619	17
9620	17
9621	17
9622	17
9623	17
9624	17
9625	17
9626	17
9627	17
9628	17
9629	17
9630	17
9631	17
9632	17
9633	17
9634	17
9635	18
9636	18
9637	18
9638	18
9639	18
9640	18
9641	18
9642	18
9643	18
9644	18
9645	18
9646	18
9647	18
9648	18
9649	18
9650	18
9651	18
9652	18
9653	18
9654	18
9655	18
9656	18
9657	18
9658	18
9659	18
9660	18
9661	18
9662	18
9663	18
9664	18
9665	18
9666	18
9667	18
9668	18
9669	18
9670	18
9671	18
9672	18
9673	18
9674	18
9675	18
9676	18
9677	18
9678	18
9679	18
9680	18
9681	18
9682	18
9683	18
9684	18
9685	18
9686	18
9687	18
9688	18
9689	18
9690	18
9691	18
9692	18
9693	18
9694	18
9695	18
9696	18
9697	18
9698	18
9699	18
9700	18
9701	18
9702	18
9703	18
9704	18
9705	18
9706	18
9707	18
9708	18
9709	18
9710	18
9711	18
9712	18
9713	18
9714	18
9715	18
9716	19
9717	19
9718	19
9719	19
9720	19
9721	19
9722	19
9723	19
9724	19
9725	19
9726	19
9727	19
9728	19
9729	19
9730	19
9731	19
9732	19
9733	19
9734	19
9735	19
9736	19
9737	19
9738	19
9739	19
9740	19
9741	19
9742	19
9743	19
9744	19
9745	19
9746	19
9747	19
9748	19
9749	19
9750	19
9751	19
9752	19
9753	19
9754	19
9755	19
9756	19
9757	19
9758	19
9759	19
9760	19
9761	19
9762	19
9763	20
9764	20
9765	20
9766	20
9767	20
9768	20
9769	20
9770	20
9771	20
9772	20
9773	20
9774	20
9775	20
9776	20
9777	20
9778	20
9779	20
9780	20
9781	20
9782	20
9783	20
9784	20
9785	20
9786	20
9787	20
9788	20
9789	20
9790	20
9791	20
9792	20
9793	20
9794	20
9795	20
9796	20
9797	20
9798	20
9799	20
9800	20
9801	20
9802	20
9803	20
9804	20
9805	20
9806	20
9807	20
9808	20
9809	20
9810	20
9811	20
9812	20
9813	20
9814	20
9815	20
9816	20
9817	20
9818	20
9819	20
9820	20
9821	20
9822	20
9823	21
9824	21
9825	21
9826	21
9827	21
9828	21
9829	21
9830	21
9831	21
9832	21
9833	21
9834	21
9835	21
9836	21
9837	21
9838	21
9839	21
9840	21
9841	21
9842	21
9843	21
9844	21
9845	21
9846	21
9847	21
9848	21
9849	21
9850	21
9851	21
9852	21
9853	21
9854	21
9855	21
9856	21
9857	21
9858	21
9859	21
9860	21
9861	22
9862	22
9863	22
9864	22
9865	22
9866	22
9867	22
9868	22
9869	22
9870	22
9871	22
9872	22
9873	22
9874	22
9875	22
9876	22
9877	22
9878	22
9879	22
9880	22
9881	22
9882	22
9883	22
9884	22
9885	22
9886	22
9887	22
9888	22
9889	22
9890	22
9891	23
9892	23
9893	23
9894	23
9895	23
9896	23
9897	23
9898	23
9899	23
9900	23
9901	23
9902	23
9903	23
9904	23
9905	23
9906	23
9907	23
9908	23
9909	23
9910	24
9911	24
9912	24
9913	24
9914	24
9915	24
9916	24
9917	24
9918	24
9919	24
9920	24
9921	24
9922	24
9923	24
9924	24
9925	24
9926	24
9927	24
9928	25
9929	25
9930	25
9931	25
9932	25
9933	25
9934	25
9935	25
9936	25
9937	25
9938	25
9939	25
9940	25
9941	25
9942	25
9943	26
9944	26
9945	26
9946	26
9947	26
9948	26
9949	26
9950	26
9951	26
9952	27
9953	27
9954	27
9955	27
9956	27
9957	27
9958	27
9959	27
9960	27
9961	27
9962	27
9963	28
9964	28
9965	28
9966	28
9967	28
9968	28
9969	29
9970	29
9971	29
9972	29
9973	29
9974	29
9975	29
9976	29
9977	29
9978	29
9979	30
9980	30
9981	30
9982	31
9983	31
9984	31
9985	31
9986	31
9987	32
9988	32
9989	32
9990	33
9991	33
9992	34
9993	34
9994	34
9995	35
9996	36
9997	37
9998	37
9999	38
